Gas Name,a1,b1,a2,b2,MAE,MRE,AIC
Bromotrifluoromethane,209.41489689482927,-149326.94385729553,95.54479609423962,-110566.43837689565,3.488068680675809,0.01502119911724648,-32.605692210596516
Chlorotrifluoromethane,319.84796145651126,-162969.671331295,178.21754157837694,-116349.16264671108,2.6723985493089475,0.014365747805130684,-20.849656223091007
Dichlorodifluoromethane,651.4401043568996,-333870.11162006157,271.5915469159392,-206191.57082226514,6.796491750096933,0.016520108806878018,-189.1178718542976
Trichlorofluoromethane,248.15969599938182,-264766.6425106159,577.0864409701805,-403209.7459157793,3.158843715201422,0.007735434195817766,-47.32238075666792
Tetrachloromethane,2705.5499085671527,-1306100.2853577558,819.4472517775996,-662155.975063217,26.327885252014024,0.02805256629656403,-1852.6448216555582
Trifluoroiodomethane,1210.1144624492895,-528448.5308029613,509.1618921940197,-302263.58945283125,4.475724934202142,0.00896331085918685,-68.03450748015027
Tetrafluoromethane,182.85959305042613,-80819.48656341036,109.2540187758497,-57110.77956774586,2.5187286973889766,0.06329712598764468,-26.75216236720405
Bromodifluoromethane,14811.66798418974,-5033999.865928859,-1093.2654723127039,263361.25480456033,5.115907697472721e-13,4.015130379850725e-16,-32.0
Chlorodifluoromethane,715.7565931885368,-318970.8902997188,274.47867175823285,-182640.36314681117,8.22312235739158,0.029436612457844093,-229.99827598521733
Dichlorofluoromethane,301.8290941087455,-257384.37781857958,312.30817904530187,-261946.7184568736,4.408800586700115,0.008761006711887691,-54.46182154322514
Trichloromethane,837.4042081562617,-585626.8339550061,781.6102789948733,-551167.2796897367,24.900304798968477,0.030446420432899617,-2290.7268735837256
Trifluoromethane,333.7162273633354,-155547.84253710287,196.06599826438284,-113311.29814882492,2.4700725677740882,0.01856062907233987,-15.78776402289709
Dichloromethane,1178.9468278984846,-604106.310007691,417.2821743325634,-322859.6520312752,10.871166360218949,0.022720970279200108,-453.3770090954394
Difluoromethane,526.6444477296477,-248165.073341084,268.7942990642375,-162168.73178549318,4.12250752982023,0.019032699434443266,-46.30892219546251
Bromomethane,1643.7683622182053,-650459.1569225979,496.4346770214881,-299830.0522685031,34.8619192037722,0.07129752320369048,-3717.930802127685
Chloromethane,461.2188842901513,-258638.03902615793,251.167818434542,-183709.11749506864,4.2946300237476125,0.020481773079286256,-62.68819786785568
Fluoromethane,333.52996969790036,-161629.06559085348,187.53292167533922,-114893.77540417107,2.3986145099127416,0.0143369194472707,-7.991280690944779
Iodomethane,318758.0000000417,-100040151.60001303,1189.8906044177502,-589542.4093119017,4.456241767123129,0.008567293331738193,nan
Nitromethane,6050.510283652498,-2893419.7437224044,14524.692056904989,-5987301.010808129,87.80375726689694,0.04068409100745975,-29584.554116387575
Methane,136.97549318753227,-49469.880788878814,58.73749414102103,-30021.373819472108,3.9132672228656236,0.0644280050101872,-61.050093375599516
Methanol,2725.6388156388202,-1244509.3308502869,445.37552947044014,-315659.52474208083,42.54217323545424,0.08948732113457587,-7821.617467265839
Methanamine,570.0068874326487,-313927.24300091364,220.38569308456871,-180924.43781567027,12.19459054326875,0.0378386016643404,-489.63629846267895
"Chloro-1,1,2,2,2-pentafluoroethane",510.6853557369924,-292618.1759217773,393.02341562540147,-248040.10082798693,0.31575256813150887,0.0012693435150589513,27.78849364065012
"1,1-Dichloro-1,2,2,2-tetrafluoroethane",839.0249999999999,-486993.2287499999,812.4071614531772,-477900.5630503241,0.007635418728887089,2.4434263035576864e-05,nan
"1,2-Dichloro-1,1,2,2-tetrafluoroethane",1007.394679265944,-549730.2119552032,465.2072697976209,-352434.7438238411,14.513514817796368,0.029183009247528015,-730.0603412909579
"1,1,2-Trichloro-1,2,2-trifluoroethane",644.8894946612303,-490052.7357169621,585.9585500576836,-486000.97761859524,5.877041500167219,0.007478193228702296,-66.49802000396805
Tetrafluoroethene,263.0888000432674,-128305.86082448927,166.26033410769153,-102467.01915141485,1.3928219785253144,0.007942665637530258,43.59358094792809
Hexafluoroethane,1390.6442438578274,-401179.5607807207,449.1924109259492,-208103.2401894861,17.84742394020637,0.04279146754942822,-933.3986569963749
"1-Bromo-1-chloro-2,2,2-trifluoroethane",-1371.0,0.0,-1090.0,0.0,0.0,0.0,-5.333333333333334
"1-Chloro-2,2-difluoroethene",290.5124999999996,-218076.11437499983,292.0263842853908,-218829.9282743108,0.09044628584349539,0.00036267775810076955,nan
"1-Chloro-1,2,2,2-tetrafluoroethane",1134.7889860335454,-527129.5637372109,590.5820605747562,-355839.77452867193,5.458772632273918,0.009214415887430646,-96.7536241178072
"1,1-Dichloro-2,2,2-trifluoroethane",2063.0359757812166,-935837.67231399,797.5375492998397,-521510.7613821171,20.71894145585599,0.021378256277457448,-1455.3324523941244
"1,2,2-Trichloroethene",-1331.0,0.0,1300.4474999999984,-876323.1846249995,3.0316490059097606e-13,2.729906743126239e-16,-12.0
"1,1,1,2,2-Pentafluoroethane",604.1942667319117,-292543.6107943123,333.39038237892754,-204002.06235951334,3.62848918473216,0.013065703749370602,-40.25359089757561
(Difluoromethoxy)trifluoromethane,763.1827288114702,-369095.2804260304,463.25635608335836,-272699.0393535874,2.2441022418086902,0.005492455044448619,-7.041056217983384
Ethyne,849.9279847576254,-283863.76571681915,633.4296499900337,-235616.15691577605,5.9680031516367,0.024227022046192474,-212.36041727863577
"(E)-1,2-Dichloroethene",-987.0,0.0,1215.927499999999,-688263.7466249997,7.579122514774402e-14,8.916614723264002e-17,-12.0
"(Z)-1,2-Dichloroethene",927.5850000000003,-615522.94275,919.1474999999994,-612767.3396249998,1.1368683772161603e-13,1.482826553758569e-16,-32.0
"1,1-Difluoroethene",309.1781399898085,-151886.78995676135,123.48422066152654,-88308.30597071034,5.227472197018602,0.04007621011414707,-89.5808314652948
"1,1,1,2-Tetrafluoroethane",1018.2801274398334,-454716.5830890419,398.2678545203738,-252103.41774036465,8.726953137464628,0.021463081370186883,-303.8359937775706
"1,1,2,2-Tetrafluoroethane",-511.2,0.0,790.0999999999983,-377579.9999999995,3.789561257387201e-14,8.856184289290024e-17,-12.0
Bromoethene,428.3399999999988,-330479.72099999955,464.0860325988092,-341852.5779495393,0.030586960476080095,6.105560013798644e-05,nan
Chloroethene,-107.30875491795814,-94901.71905268055,159.97044164657234,-174421.6791307711,10.34456051644846,0.02616542640789836,-286.01470277035463
"1-Chloro-1,1-difluoroethane",1105.2583298560376,-521676.35020863113,473.4642795144013,-316106.03369182424,17.728748520661814,0.04054660971756724,-875.6769213198364
"1,1-Dichloro-1-fluoroethane",1480.2871106282064,-739028.5015970205,867.935532639791,-530457.130105897,7.1541430284240795,0.008299798673374678,-252.91022789426776
"1,1,1-Trichloroethane",1260.3717928884096,-797287.5107664645,919.4499110463328,-706406.7698191009,3.7570925853285644,0.0037731533144177098,8.766976654538894
Fluoroethene,515.1899999999989,-238679.79849999963,412.45076518878636,-205252.20332783996,0.3013060755147535,0.0018218374824621856,nan
"1,1,1-Trifluoroethane",708.1662241635865,-335416.2463922179,326.47362309424665,-207155.71795124962,8.70913710592421,0.029921935780640126,-227.96713948316022
"1,1,2-Trifluoroethane",-599.9,0.0,-537.7,0.0,0.0,0.0,-5.333333333333334
"2,2,2-Trifluoroethanol",2001.268111002918,-1036531.4021421605,1515.6125681542803,-849219.2330590326,1.244994124898304,0.0019564835089874513,24.685896316651572
Iodoethene,625.1200000000008,-500764.4280000002,664.2849999999994,-513933.89774999977,1.1368683772161603e-13,1.2310273457294726e-16,-32.0
Acetonitrile,14287.72440970816,-5915833.082427185,1832.9984659052632,-1338498.505766618,136.81907089272968,0.07558011289762308,-68095.162929946
Ethene,199.62831102439722,-100910.67185582401,122.94997200247082,-77674.0908056926,2.694012543544967,0.019478333982623407,-25.31704794281631
"1,1-Dichloroethane",1266.8804347826144,-725372.7934782628,828.2182167427184,-571605.7923623127,4.292532316985716,0.006912758715990103,nan
"1,2-Dichloroethane",879.773054567937,-623811.5189791603,470.7455775856377,-434907.9348391335,5.331977622090719,0.009970935900008256,-76.86632955299382
"1,1-Difluoroethane",1173.141131343331,-508781.2087615526,379.07536935858496,-247698.43524639,12.616337528828613,0.03035177476546912,-800.8551723683119
Ethanal,4584.5410154005385,-1732683.68280019,1011.6655229216904,-590457.1744332451,22.445887410277336,0.036133084506919,-1612.149212477178
Oxirane,648.8219999999983,-373827.02929999947,512.7824999999993,-326837.1273749997,5.684341886080802e-14,1.4250885291864546e-16,-32.0
Ethanoic acid,23810.42103349729,-13134915.623400463,7648.479223300976,-4712610.7925126245,89.45941888232908,0.04537629746451549,-33310.7803766044
Methyl  methanoate,2013.4720046823982,-909049.9625212483,962.2291381722544,-554148.796224476,6.873198001067829,0.010068608778915947,-114.32822200704517
Bromoethane,-1326.9650655021828,155918.96069868983,3481.7566948732247,-1303028.0593773695,3.845546032025459,0.005693959135951226,nan
Chloroethane,1358.9254739111502,-644410.3102685814,532.0136708869591,-362749.81241505354,39.32642669458623,0.09849423648634024,-5638.12860818313
Fluoroethane,-401.2,0.0,556.1999999999978,-278069.9999999993,3.789561257387201e-14,1.0671160902570894e-16,-12.0
Ethane,290.8127598828005,-142417.25570097018,126.25413113305662,-90085.52774424918,5.933751043357815,0.038053795080028374,-167.51381941988944
Dimethyl ether,1100.2523266729884,-469939.23232184007,562.8279507738118,-319678.52967374853,27.619244493901594,0.0601831375964681,-2326.0342854713786
Ethanol,5287.799145507847,-2243963.047057682,985.911349558984,-609015.6632816673,65.24858405368902,0.10009001629506997,-15522.60328596772
Ethanethiol,-1066.0,0.0,890.3280000000011,-532909.7164800004,0.0,0.0,-12.0
2-Thiapropane,2219.9839307787497,-916093.4173053182,1125.3878241138796,-603257.4607540603,8.588137026345294,0.01068166593627412,nan
"2,3-Dithiabutane",-1331.0,0.0,1821.1644444444441,-1091710.8657777775,0.0,0.0,-12.0
Ethanamine,1094.0553719589243,-560094.3926751125,774.027909972006,-453350.73664697475,6.3648630978263805,0.012237015052129435,-110.29906215807371
N-Methylmethanamine,767.3073524599482,-425226.0140006541,634.6788003784873,-382110.67818483035,4.118902811924965,0.009197496868984939,-31.078248369852435
Ethanedinitrile,427.26211110559404,-240180.82629609734,356.35797189727725,-212522.57920735792,1.4581487105847981,0.007485375963185375,20.50934971906858
"2,2,4,4,5,5-Hexafluoro-1,3-dioxolane",8318.007968127475,-3312643.5358565687,-6176.193548387101,1832204.0980645176,0.0,0.0,-32.0
Octafluoropropane,-998.0,0.0,647.1350000000003,-349691.9252500001,7.579122514774402e-14,2.1779087686133338e-16,-12.0
"1,1,1,2,3,3,3-Heptafluoropropane",-4200.0,0.0,362.4796425024814,-265955.3998927502,5.684341886080802e-14,2.0282320857387255e-16,-12.0
"1,1,1,2,2,3,3-Heptafluoropropane",845.2688442211071,-457383.2751256285,2220.294999999996,-911055.1792499986,15.49999999999998,0.02423524359435716,-733.5357142857143
"1,1,1,2,3,3-Hexafluoropropane",1135.9459490590652,-576792.1400214916,734.9639738152605,-443309.51581332047,3.4212797235347434,0.004980175219494816,-32.489617265929695
"1,1,2,2,3-Pentafluoropropane",1141.368770764124,-609995.2431528254,788.3715753695925,-490770.20814423234,0.8537570351170188,0.0016104852116587832,nan
1-Propyne,337.8817527234759,-217601.05560268188,165.5205859225909,-147206.38997699652,0.944810006087782,0.004968636792714281,7.970330346428986
"1,2-Propadiene",589.7747759640833,-286913.52704557515,459.8218729020692,-253684.2314861737,8.940040458249413,0.024281201722893855,-216.76391625308761
3-Bromo-1-propene,-1063.0,0.0,-73.17889908256734,-319468.7580275234,0.0,0.0,-12.0
Cyclopropane,313.3762661613412,-205771.8492912084,274.091930696395,-190947.3866099017,2.128930945818689,0.006738975946234048,-13.799837730799922
Propene,441.3426966526833,-237905.3372598999,210.58395975550692,-157218.89487170154,5.44238016613342,0.022096705876323536,-120.90718266818217
"2,2-Dichloropropane",2317.076271186441,-1213307.6033898306,930.8158015617819,-693445.3061644464,1.1368683772161603e-13,1.5140642901901735e-16,-32.0
Oxetane,2944.442821664471,-1180026.8484287781,1453.8695532318866,-734309.4863912921,13.970925351423784,0.012904259819570793,-574.0321891333687
Propanone,4183.327654558014,-1830370.446005384,1516.728073138759,-884368.077540763,30.904824310802542,0.02984530183916544,-3428.676591788339
Propanal,8062.394957983215,-2940473.0567226955,4216.943844492441,-1784945.9322894167,4.547473508864641e-13,3.050233208238099e-16,-32.0
Ethyl methanoate,2195.6413621136103,-1060698.1360897375,1451.9732442284917,-804076.5130558033,15.264764191070569,0.017719517770307353,-670.6446664337576
Methyl ethanoate,2197.1373898745037,-1113632.1031805526,1567.7884876734593,-885980.8261394922,22.866987631122917,0.027649014353653325,-1517.9868358882036
1-Bromopropane,3406.686750809714,-1386555.911025293,1041.1260212918246,-746162.5378188189,28.978550000142917,0.040059238356612036,-2810.7078326970923
2-Bromopropane,2048.4649286921012,-1020727.9138617973,988.4971877136477,-672351.5514881165,8.457127312670991,0.00809702105250153,-169.43607253762383
1-Chloropropane,1221.972631087197,-678906.5669957673,529.5163928735611,-411679.4084170933,14.369718626917225,0.028065808987790552,-642.8176914831561
2-Chloropropane,1082.559000000001,-611349.9058500003,829.5232861330063,-533813.2358531394,1.105559016365555,0.0018566358785486656,nan
Propane,497.17456239627904,-269848.7399852011,208.2678933541462,-166659.7997616717,8.272665475648264,0.030274097957035152,-287.3610878542348
Methoxyethane,545.4879999999982,-339142.04719999945,267.8179999999992,-223448.9366999997,0.0,0.0,-32.0
1-Propanol,3937.974732384703,-2003512.8418801597,920.6949843136676,-653426.6105369697,155.4235987531652,0.2145176107124393,-100868.35718368461
2-Propanol,3434.630136018498,-1641790.1577006073,1444.7580343774557,-854450.9695216457,44.292648666056586,0.05756755747951514,-6226.812773529035
1-Propanethiol,-1387.0,0.0,1744.4901185770768,-939632.3516205539,0.0,0.0,-12.0
2-Propanethiol,-1356.0,0.0,1506.5225409836007,-822613.2020491785,0.0,0.0,-12.0
2-Thiabutane,-14678.1593625495,3954810.673306683,2594.978242447613,-1265361.5914927775,48.40037808246443,0.04321190006802028,nan
"N,N-Dimethylmethanamine",1275.6368956554738,-607559.1515028131,686.0437717203362,-419973.0262956481,3.5573008484614888,0.005963753326667522,-15.337186409117429
"2,2,3-Trichloroheptafluorobutane",-2621.0,0.0,3572.8201634877314,-1979184.9188010874,6.063298011819521e-13,4.118608406938382e-16,-12.0
Trifluoroethanoic anhydride,-2360.0,0.0,11485.449999999977,-4082051.1674999925,0.0,0.0,-12.0
Octafluorocyclobutane,928.9310740759705,-508064.68480756023,427.5099029642838,-313297.2068867426,6.875646691475411,0.020904132280760747,-153.32228803397078
Octafluorotetrahydrofuran,3975.3814852492615,-2254303.7884028563,-13268.954067515211,3996574.2335362453,0.0,0.0,-32.0
Decafluorobutane,872.1891348088525,-535225.9554124747,1228.1392612101831,-641877.3032624372,5.6776799644887435,0.007495606593035944,nan
"1,1,1,2,2,3,3-Heptafluoro-3-(trifluoromethoxy) propane",-2300.0,0.0,-1600.0,-0.0,0.0,0.0,-12.0
"1,1,1,2,2,3,3,4-Octafluorobutane",1535.6120286085807,-808407.6983094923,1014.7402214022139,-627866.5682656826,2.400750003598868,0.002838732771204279,32.57620888295929
2-Chlorothiophene,2404.850000000014,-1488804.2325000046,1536.0645552255812,-1188873.702693475,2.0058220902320953,0.0011584716960215265,nan
Furan,1028.2024710684886,-555345.0351954175,700.5125968839905,-448705.1378719531,5.890477386920821,0.00741609051425114,-110.42015772716884
Thiophene,1653.342236620591,-898290.8640252243,1292.6577646665278,-789324.4517135401,15.292656711006998,0.01596604601534984,-745.1178102146295
1H-Pyrrole,-5892.280549370193,1591986.771235139,-3782.7017111362884,1008115.5928514234,183.23979104679103,0.14991371584696608,-88674.92422498242
"1,3-Butadiene",1242.9320431694741,-565520.4074011588,1036.1203636696873,-508015.0929619605,12.45736757855243,0.023569375264125662,-508.4412035171055
1-Butyne,-5009.400048990981,1058360.8260632004,2241.8476087283607,-893051.2539409063,12.866333632667972,0.013230659855327006,-344.59436386087464
2-Butyne,99.00658047223328,-299209.77772881964,1136.8395787459071,-600741.4091158478,1.5061949866692146,0.0016025581960774082,13.197138784665526
"2,5-Dihydrofuran",703.8000000000043,-458093.61000000144,524.7998568046539,-395887.808411303,0.22005727813857448,0.00039031780558288333,nan
Butanenitrile,14581.120000000054,-6146038.584000019,5545.800000000004,-2789527.5600000015,0.0,0.0,-32.0
2-Methylpropanenitrile,3365.1600000000026,-1975857.3120000008,5098.4399999999805,-2602487.8079999927,0.0,0.0,-32.0
1-Butene,1907.7950027398456,-760502.8862644188,399.162851308087,-292872.0000156728,32.00069130920569,0.04939521241856823,-4276.66141335865
(E)-2-Butene,1750.2928726424798,-724094.760068954,1143.2371766350261,-563381.7131213738,15.269769533638433,0.02122691067693196,-761.1359662948157
(Z)-2-Butene,3077.2039168703404,-1081778.1628082555,1271.966316258945,-605562.483923603,16.643827133188324,0.021272027023146567,-687.0244216697429
2-Methylpropene,915.263844492445,-487378.8840244762,297.66848373202447,-248167.0537340043,32.24331294252986,0.053325264291178634,-4434.045878559542
Butanal,1722.6574999999962,-984527.3711249987,906.454798600013,-697057.8653870812,6.049881674966491,0.005459110607066429,nan
2-Butanone,3789.6020678458035,-1830059.5715543856,2070.8515594034025,-1203779.0304490728,34.05869387530156,0.02220401986793975,-5451.950704342604
Tetrahydrofuran,22574.330935252066,-7208291.076259074,2114.387550200802,-1032351.8182730918,2.2737367544323206e-13,2.237500166372051e-16,-32.0
"1,4-Dioxane",1433.8468860397595,-929575.4246004742,1858.9289224197628,-1114199.4839948132,8.98202845542856,0.010182388082125307,-304.7079390715809
Ethyl ethanoate,4057.6696798206603,-1850086.920962324,1944.720701794266,-1116786.1609758649,18.907908503187954,0.015705885084352462,-1133.6413357168105
Methyl propanoate,3234.2532406287482,-1591950.4449123838,1819.192799042955,-1088550.3251974718,15.672386010673335,0.013296135990650116,-728.0771202002832
Propyl methanoate,3123.0440198819997,-1525175.8462709873,1846.7547971079448,-1068297.9899508536,15.483967658935377,0.013433418481018786,-718.2464749701342
Tetrahydrothiophene,-4776.712419253223,1288308.366042295,-3738.395143531767,1052651.680203054,184.35838218702025,0.18291643982158062,-109779.24849511246
1-Bromo-2-methylpropane,2852.5928378571034,-1715006.8523699183,1049.944591552471,-778893.6817435937,20.471727851011934,0.011637220766854138,-1301.7481228502959
1-Bromobutane,2035.2368421052647,-1249117.3223684216,8903.378748389083,-3580223.9445046005,33.84349937244988,0.028734211134710363,nan
2-Bromobutane,1614.1935483870943,-1021587.7354838701,1468.369127516768,-977575.2563758349,4.547473508864641e-13,4.336399175012486e-16,-32.0
1-Chlorobutane,1533.7977393584433,-908301.3518843832,709.8114045285695,-572769.6027107256,12.559588357808433,0.01932489396700703,-446.20146876729916
1-Chloro-2-methylpropane,-1021.3,0.0,-953.7,0.0,0.0,0.0,-5.333333333333334
2-Chloro-2-methylpropane,6201.083050750753,-2384898.4101072983,518.9038910331318,-483426.2333625744,62.74396313411779,0.05740299473177856,-17070.610002158483
Pyrrolidine,-1399.0,0.0,2004.4648862512322,-1081125.8288822933,0.0,0.0,-12.0
Butane,915.3317340901928,-496040.4832474184,391.136656405905,-306599.5017944118,17.44219952702131,0.04030295859018805,-1188.9650315347187
2-Methylpropane,718.3178087627086,-406767.920602112,447.8868267832825,-322350.2366396081,22.918158811834733,0.055670886061663934,-1849.5184640989567
1-Butanol,3800.776599513164,-1925576.6492398933,1832.568117227616,-1093704.920880698,120.27174889256588,0.2609782304824961,-75639.5333304176
2-Methyl-2-propanol,2341.6666666666706,-1239235.333333335,2725.600000000002,-1382001.9200000009,0.0,0.0,-32.0
Diethyl ether ,2499.6984400068022,-1113645.1072603173,890.4951177399424,-568170.5590568951,31.69767785570814,0.03588503474057662,-3038.1696257931712
2-Methyl-1-propanol,2634.799999999992,-1444538.1599999967,3548.1000000000085,-1835460.7200000037,2.2737367544323206e-13,2.3517925431735324e-16,-32.0
(RS)-2-Butanol,3115.560000000005,-1606048.992000002,3090.6533333333355,-1600818.8906666674,3.410605131648481e-13,4.184184812953305e-16,-32.0
1-Butanethiol,-1615.0,0.0,1754.884176926585,-1114103.6966712268,0.0,0.0,-12.0
2-Methyl-2-propanethiol,-1588.0,0.0,1286.931750741845,-825545.8340652836,0.0,0.0,-12.0
3-Thiapentane,12763.306859205846,-4639088.537184138,2447.0126868867565,-1331496.947637747,13.127407390518055,0.009307512268930392,nan
2-Methyl-1-propanethiol,-1707.0,0.0,2704.608897126964,-1401975.6076459666,1.5158245029548803e-13,1.0689876607580256e-16,-12.0
2-Butanethiol,163.60037700282874,-541796.0278982096,1911.0559179869515,-1118133.1064678468,0.0,0.0,-32.0
3-Methyl-2-thiabutane,-1575.0,0.0,1869.9817330210776,-1089296.1709695552,0.0,0.0,-12.0
2-Thiapentane,-1663.0,0.0,2272.4142066420663,-1292446.21798893,0.0,0.0,-12.0
Butanamine,-1818.0,0.0,-1854.0,0.0,10.0,0.005394096344845102,-312.0
N-Ethylethanamine,1899.183477804273,-1010642.9804498112,1651.8707730508231,-938234.6885650733,15.731067329711255,0.016019978786682078,-1001.3908426971824
Tetramethylsilane,1187.7174607136126,-697096.5952264348,923.1516886430715,-601216.7955660508,37.10756371051802,0.10159544340124341,-19644.630755790902
Dodecafluoropentane,2288.110577349984,-1122437.2061150286,1556.3781683390343,-875791.4800004393,7.224043890769811,0.008707774551666332,-132.12349832658222
Pyridine,1590.2586178203906,-997078.7553824127,2017.433307470399,-1170072.5579050353,12.216438701612878,0.01274185892588744,-428.28866169743407
2-Methylfuran,907.2500000000055,-572617.0125000018,306.4819406796472,-363804.8658050355,1.79777627185872,0.0025948714932815774,nan
2-Methylthiophene,1391.0500000000097,-1030710.6225000032,1876.0645552255812,-1188873.702693475,2.0058220902320953,0.0014421288818561868,nan
3-Methylthiophene,3321.7500000000164,-1717851.0375000054,2745.8986101569826,-1518175.0709731109,0.4894440627927906,0.0003431530781699323,nan
N-Methylpyrrole,4468.650000000018,-1946897.842500006,1422.8663325441926,-923738.2196263736,0.5134669823231889,0.0004597473201777792,nan
Cyclopentene,1412.425000000007,-744402.1162500023,786.3989681453482,-528455.5499448536,1.0395872581390677,0.0015615099644540637,nan
"(E)-1,3-Pentadiene",959.0633333333358,-774126.632833334,3173.6428571428423,-1500588.932142852,0.0,0.0,-32.0
"(Z)-1,3-Pentadiene",900.2966666666684,-705619.8511666672,2517.035714285703,-1250490.7767857104,0.0,0.0,-32.0
"spiro[2,2]Pentane",-1217.0,0.0,1168.4334763948568,-659062.8453218905,0.0,0.0,-12.0
Cyclopentane,-1066.0,0.0,763.7030995106054,-538345.6733442094,1.5158245029548803e-13,1.6162928536262965e-16,-12.0
2-Methyl-1-butene,-1258.0,0.0,1109.5194805194924,-677574.4083116918,3.0316490059097606e-13,2.660424154443543e-16,-12.0
2-Methyl-2-butene,-1365.0,0.0,1779.2756079587366,-910960.9752689771,3.0316490059097606e-13,2.5141309049275374e-16,-12.0
1-Pentene,1931.5767814876165,-909519.1908843538,882.0900260686656,-563431.6435697562,11.534370577801306,0.012856304498648576,-535.7426159837938
2-Pentanone,9696.048450737504,-4107632.7057068027,3137.6321498001785,-1742869.8935452816,57.339972286384594,0.03542974849714757,-9764.146960849885
3-Pentanone,5266.169571640733,-2522029.160638654,2437.596692161743,-1439422.2029027492,15.854184420102865,0.011081803119222128,-1131.421719066298
3-Methyl-2-butanone,-2060.0,0.0,3379.8024459078106,-1759421.642822202,0.0,0.0,-12.0
Butyl methanoate,-1738.0,0.0,-1396.0,0.0,0.0,0.0,-5.333333333333334
1-Methylethyl ethanoate,-2080.0,0.0,3811.0574018126863,-1858810.574018126,0.0,0.0,-12.0
Propyl ethanoate,6928.706434151744,-3036674.977669649,4395.096451438156,-2172603.5921035525,48.213599383983095,0.03205971425180462,-9656.645279597427
Cyclopentanethiol,-1674.0,0.0,2458.4728033472898,-1487679.33192469,0.0,0.0,-12.0
Thiacyclohexane,411.67716084716676,-742127.8214081282,1388.449036336244,-1112742.0706132841,2.3633669579038723,0.0017339932218840334,nan
2-Chloro-2-methylbutane,-1249.0,0.0,1839.1739130434771,-1131541.4782608692,0.0,0.0,-12.0
Piperidine,-1380.0,0.0,1852.3427529626201,-1112413.5467638997,0.0,0.0,-12.0
"2,2-Dimethylpropane",894.4029743867844,-525687.9252964476,480.39454135834467,-375873.4366362503,7.285813564045618,0.012761328817005568,-248.11744262711446
2-Methylbutane,1187.5563598640683,-686328.7711968513,405.2519053923575,-373491.9991198151,21.650372520004506,0.03463928235678654,-1540.7010920745734
Pentane,1536.4278130420605,-810875.3664574018,564.060165383218,-458039.2118205719,12.497660410719918,0.02071679125914417,-518.866996067815
3-Methyl-1-butanol,20558.00000000003,-8089200.00000001,3220.73799521654,-1810820.7767202542,3.356880600824115,0.002380583258707952,nan
Butyl methyl ether,-1771.0,0.0,1245.975999999997,-914581.6943999989,0.0,0.0,-12.0
1-Ethoxypropane,1418.0549999999998,-891186.7482499998,1663.7949999999996,-970928.57925,2.2737367544323206e-13,1.6969600748116553e-16,-32.0
1-Pentanethiol,-1910.0,0.0,2846.354300385109,-1700091.249293967,6.063298011819521e-13,3.97158130773095e-16,-12.0
"3,3-Dimethyl-2-thiabutane",-1699.0,0.0,2268.8357142857094,-1324029.2391428554,0.0,0.0,-12.0
2-Methyl-2-butanethiol,-1705.0,0.0,2076.182948490232,-1243111.0280639434,0.0,0.0,-12.0
2-Methyl-1-butanethiol,3357.6142131979577,-1823130.4568527879,2454.976303317542,-1496042.957345974,0.0,0.0,-32.0
1-Pentanamine,-1045.0,0.0,-1063.0,0.0,0.0,0.0,-5.333333333333334
Chloropentafluorobenzene,-2598.0,0.0,4041.4865107913674,-2276783.374370504,3.0316490059097606e-13,1.4226414856451246e-16,-12.0
Hexafluorobenzene,3852.589047423489,-1880295.2919227032,1032.1090131012738,-796186.4981609494,28.881647123634004,0.034619526329471656,-2400.547077133527
Dodecafluorocyclohexane,1536.5496123344933,-940776.4939842401,1151.3350678727415,-789078.5401732969,3.4036873271219292,0.003818338721329873,6.1857159101709485
"2,3-bis(Trifluoromethyl)-perfluorobutane",6779.8517582876375,-2813628.71155512,1423.5711215115505,-959656.3483228422,72.86678671555217,0.04439893349116515,-31177.843038866056
Tetradecafluorohexane,3409.485125115877,-1696265.7431847274,1971.3460740175474,-1197445.1920448293,58.52435008721212,0.04027524830396234,-11641.973072453538
Undecafluoro-2-(trifluoromethyl)-pentane,2975.1262497669004,-1550338.727766803,1822.2128584340935,-1134620.318634172,37.71028005368935,0.025903058945263624,-5908.264574130585
Undecafluoro-3-(trifluoromethyl)-pentane,2064.8494297779916,-1210396.3315364835,1334.2098417286288,-923103.7498832981,19.42599056509681,0.014311243875579431,-1690.5275911359372
"1,2,3,4,5-Pentafluorobenzene",-2147.0,0.0,3741.352623835216,-1864970.956694459,0.0,0.0,-12.0
"1,2-Difluorobenzene",-1625.0,0.0,2630.8485554520094,-1401050.599249769,0.0,0.0,-12.0
Chlorobenzene,1224.4406891206831,-965747.9304019385,692.0776620068452,-684277.146793405,3.6532400376616465,0.0055643258922518195,-12.53202496529835
Fluorobenzene,1215.1949106204743,-820134.8631127501,587.0030798711284,-531741.5879488178,18.729561311543545,0.026827018211992237,-1474.803462514461
Benzene,1743.620574111361,-961195.5711878503,676.0330296045852,-562274.2404235033,32.6974535344788,0.038918230248306776,-5888.02331970413
Phenol,3083.544611518032,-1943256.8854586254,1229.4693039837523,-1062839.9931209448,22.902486823357613,0.02333851759099371,-1685.9810844965102
Benzenethiol,1847.4000000000024,-1481222.3760000009,3546.6631799163124,-2149395.97970711,4.547473508864641e-13,2.7274352802514463e-16,-32.0
2-Methylpyridine,3237.5361161165238,-1762220.5038634327,2176.696416324252,-1354388.9226239154,11.474606706456042,0.009751451880881723,-296.58478067162133
3-Methylpyridine,2841.364780470395,-1733495.9853102302,3090.848509096897,-1840247.4485087842,29.764400017796106,0.022228937670746355,-2103.606886824221
4-Methylpyridine,3338.981330558988,-1928441.304997086,1838.4385048254862,-1300581.7553857358,9.626424115008286,0.006974193026696251,-320.62406780939745
"2,5-Dimethylthiophene",2598.3000000000147,-1603327.635000005,1382.7345856023433,-1186453.1477743431,3.3261657590631786,0.0017677564400977491,nan
Cyclohexane,1979.5125891716327,-1073687.5377437314,634.2912122139493,-553804.0639367029,28.04950191909666,0.032878916963210554,-3756.0950105780094
1-Hexene,2037.9249578514516,-1104443.585960155,1221.1186013441456,-810150.4172077598,7.498468242516434,0.0071588185427619916,-120.06276297641135
"2,3-Dimethyl-2-butene",4882.05908513342,-2062747.1905400262,2342.3177842565665,-1283064.5509329468,0.0,0.0,-32.0
Methylcyclopentane,-1456.0,0.0,1371.0521327014162,-858648.3142180076,0.0,0.0,-12.0
"3,3-Dimethyl-2-butanone",6110.516431924883,-2831273.6713615023,4770.555296313587,-2395735.3463369138,30.000000000000153,0.013236666148344045,-5352.0
3-Hexanone,-2421.0,0.0,3968.5863596102818,-2234165.379539418,0.0,0.0,-12.0
3-Methyl-2-pentanone,5796.629213483109,-2871985.905617964,8028.5218165628,-3794905.4858415048,21.66666666666697,0.010310124175468508,-1435.3333333333333
4-Methyl-2-pentanone,7262.532166752426,-3466409.4086464164,6183.014804845224,-3129562.6134589505,56.66666666666712,0.0230424795547963,-12285.333333333334
Cyclohexanethiol,-1960.0,0.0,725.7534246575287,-936597.0410958881,0.0,0.0,-12.0
"2,2-Dimethylbutane",733.6347378213297,-572596.6123432233,457.0723674455777,-433315.1741038635,7.943805379000423,0.017087338915889885,-161.88054304797342
"2,3-Dimethylbutane",1227.6367430837647,-825983.4594947245,937.6918207999139,-709370.7616781474,11.388664575145631,0.017067334335667744,-368.7364686564961
2-Methylpentane,2044.846150827738,-1129130.5192759144,701.852368294378,-581986.7150296932,14.560647033441402,0.016475214699766396,-702.8302292258007
3-Methylpentane,1683.7644118463813,-1003222.8580482025,1068.4427136721963,-755553.7711823765,17.39663212359857,0.02686989609668598,-798.8638792150261
Hexane,2429.776542977018,-1283089.3069706608,927.5185918185177,-720115.231010833,31.978268332889325,0.03617530883532908,-3813.291522338061
bis (1-Methylethyl) ether,3573.127106158039,-1667863.7175491345,818.471783260255,-775035.9807139469,22.890423188618893,0.01467925265332968,-1712.1077735004073
1-Hexanol,1516.4387619520598,-1111148.843112837,-4.5848123162766115,-303345.04254951375,6.622790210434792,0.01028389955696196,-107.58426967097253
Dipropyl ether,-5286.263651961708,1054819.116955422,-612.544310141104,-357748.62235069944,113.66994835849398,0.06268593700252433,-31081.114815458353
Methyl 3-methylbutyl ether,14734.614285714244,-5619112.5492857,20538.91649542774,-7576742.100590754,3.5781376252649353,0.00238042693962116,nan
Methyl pentyl ether,-1751.0,0.0,-1495.0,0.0,0.0,0.0,-5.333333333333334
Butyl ethyl ether,-1906.0,0.0,1312.6099999999992,-981368.6714999998,3.0316490059097606e-13,1.7587833438692522e-16,-12.0
"N,N-Diethylethanamine",1792.4002755385086,-1103192.090789858,1804.8099091941208,-1107698.3040592326,26.292928557322284,0.017948218658440443,-1868.9009688503638
Hexamethyldisiloxane,2632.8253034237187,-1694914.1304636837,1467.3414548762212,-1185965.52814537,22.129870842051535,0.02105926694752394,-1290.9633452405867
(Trifluoromethyl)undecafluorocyclohexane,7169.238353311912,-3020305.611171561,1790.1339867588708,-1080971.379060391,52.03800751061255,0.03637548105641147,-12875.375723213692
1H-Perfluoroheptane,6102.7774375602785,-2937215.264151508,2941.462180317477,-1803496.1394224784,6.085282550808945,0.0034854984970158864,-60.82020827427243
"2,3,4,5,6-Pentafluorotoluene",6980.983471074418,-3402907.5887603443,-1893.0,0.0,1.5,0.0007923950170785614,-41.0
(Trifluoromethyl)benzene,-1960.0,0.0,3147.739726027402,-1725071.945205481,6.063298011819521e-13,3.838140548076155e-16,-12.0
Benzoic acid,42739.09854871416,-23967323.6299461,21213.000428004998,-12809148.569807462,25.697155387713014,0.006872832427911299,-1797.4962100345522
1-Fluoro-2-methylbenzene,2470.1110895274815,-1474004.5218336158,1526.7925005857433,-1088367.5349137879,4.426853112597451,0.003768423381886728,-38.5345882805643
1-Fluoro-3-methylbenzene,2800.734716725179,-1634705.186291527,1528.8357147317913,-1117604.548356563,4.434316051220751,0.003587454236589497,-28.59441863365526
1-Fluoro-4-methylbenzene,3138.147194353639,-1734765.058804757,806.8222741866573,-818437.7505502977,23.50173535421162,0.016445155046521,-2485.925349520207
Toluene,2279.391111449832,-1363107.896805689,1027.6728624975713,-840986.3380019204,13.620960103942545,0.01697770243517652,-567.9444758718984
2-Methylphenol,-1748.0,0.0,-1378.0,0.0,0.0,0.0,-5.333333333333334
Methoxybenzene,3274.1419502071167,-2007089.3921508123,1212.9037336202564,-1045335.2784426609,14.229812276018171,0.012435005272585323,-889.8718481490191
"2,3-Dimethylpyridine",-1830.0,0.0,3808.765822784806,-2327649.057911391,6.063298011819521e-13,3.820970933706654e-16,-12.0
"2,4-Dimethylpyridine",2746.4542483660116,-1834432.1241830057,3771.930379746831,-2298792.936708859,30.625,0.01830618631443144,-1866.5416666666667
"2,5-Dimethylpyridine",2421.5733333333374,-1704469.0346666686,4842.430379746823,-2763254.936708856,20.666666666666895,0.013052681532465428,-1234.6666666666667
"2,6-Dimethylpyridine",3827.9135802469236,-2157810.5327160535,3066.537807730223,-1891201.8505606225,12.29339675883657,0.008838729278566037,nan
"3,4-Dimethylpyridine",-2086.5,0.0,-1743.0,0.0,43.25,0.022629115298003846,-3794.25
"3,5-Dimethylpyridine",-1950.0,0.0,-1716.5,0.0,44.25,0.02432918091402449,-3958.25
1-Heptene,2628.0880986580664,-1499818.6832665734,1996.4076337554952,-1259517.094474299,6.866043244018056,0.0042940626610038345,-189.26764216848483
"3,3-Dimethylpentane",5384.882675986,-2273358.769845226,1975.1555136663442,-1201713.6667294975,2.2737367544323206e-13,1.291895883200182e-16,-32.0
Heptane,1909.0113788456224,-1273593.3111974746,852.189938983551,-776263.922494949,22.82194651175719,0.025806503836492932,-1816.2013563679543
"1,2-Dimethylbenzene",6567.640561518274,-3279720.4961078097,2581.7494688183015,-1705389.5885559965,28.811895594753878,0.017253319180166347,-2240.443194720943
"1,3-Dimethylbenzene",7198.265432098782,-3529300.2780864267,3922.345766624173,-2239064.329937258,5.4395124589098485,0.0040539723195876015,nan
"1,4-Dimethylbenzene",3441.6520086520704,-2048111.8920294459,1657.643393965382,-1271795.8442226492,29.67220474760368,0.021572013546899263,-3683.0516898898363
Ethylbenzene,5436.008183103944,-2708921.796809328,2344.618052440049,-1544854.2299000013,22.138143997498396,0.011936130080773674,-1318.1606964204332
1-Octene,3358.939654244787,-1979997.0490519176,3422.2173532641973,-2010217.729837126,6.115109148939692,0.0032729232006775914,-118.14890456927084
1-Ethyl-1-methylcyclopentane,1653.2161344137708,-1233069.5721731503,2086.6309499122813,-1382028.6159032332,9.321722287264265,0.005600367162820915,-232.61717286174286
"2,3,4-Trimethylpentane",2395.228772474494,-1524420.0924751363,2142.3698036012224,-1422058.4643171064,3.0160123792493323,0.001988127323384353,4.060190846738919
Octane,3105.761370117837,-1942740.4822670103,1580.0528761470823,-1276594.8880566857,31.73914764456158,0.02608222774973884,-2968.4688482076976
Dibutyl ether,nan,nan,nan,nan,nan,nan,nan
Octamethyltrisiloxane,2906.6844262184914,-2206604.5082305567,1713.8791710939574,-1585538.314470305,4.2031991041482115,0.0032248378684847563,2.7295771396861355
"2,3-Dihydroindene",3601.15389474297,-2263377.180410237,2493.2622620959955,-1831655.4904237373,7.501948015063817,0.0037628557250366187,-195.69517339615564
2-Methylnaphthalene,7762.58731886898,-5393980.398602854,4257.230632840987,-3489800.7529059304,15.369595014435163,0.006569706266390586,-579.8756764179006
