Gas Name,a,b,MAE,MRE
Dichlorodifluoromethane+Chlorodifluoromethane,385.31374932846165,-223988.91435076023,14.676098189720042,0.050392786945271634
Tetrachloromethane+Methane,302.5078855623302,-151777.33049238895,3.4499042718999675,0.021239320129288516
Tetrachloromethane+Ethene,532.848175459205,-271144.9120399853,4.8599153286026535,0.014460166296698006
Tetrachloromethane+Benzene,944.839272566054,-687623.4910640247,5.238960429699262,0.0057248837922724526
Tetrachloromethane+Cyclohexane,974.559183623343,-711426.9293135306,5.273438364617391,0.0062434209667890555
Tetrafluoromethane+Trifluoromethane,161.2344438168438,-77710.50026138211,1.0930377642730367,0.013490643008327634
Tetrafluoromethane+Methane,84.22156881225786,-39656.71671269108,1.0605286202295552,0.08311455128095883
Tetrafluoromethane+Ethane,123.51717460497314,-66830.15552340905,2.2385359393686066,0.02582833388728209
Chlorodifluoromethane+1 2-Dichloro-1 1 2 2-tetrafluoroethane,484.9966543938647,-293320.79931648803,14.716048177256917,0.04444897849121235
Chlorodifluoromethane+1-Chloro-1 1-difluoroethane,555.6226984526454,-320867.4519046917,29.428627051645563,0.0797406031393145
Chlorodifluoromethane+1 1-Difluoroethane,726.6940762111853,-373937.1501398567,56.09734966525794,0.16142029629438576
Trichloromethane+Dimethyl ether,1904.3586939599559,-937441.1978237965,13.711718293387017,0.020579643436437374
Trichloromethane+Propanone,4929.274056607054,-2174295.1145584313,126.80317004076042,0.09336331313117129
Trichloromethane+Methyl ethanoate,1504.7121009611742,-1007224.17057191,6.999230623475569,0.005244257345870645
Trichloromethane+Propyl methanoate,4546.156856206592,-2083139.5346364386,16.103294946910637,0.012200360950526842
Trichloromethane+Ethyl ethanoate,4201.587881437827,-2030628.1751238268,67.63875123400067,0.04086327076902119
Trichloromethane+Diethyl ether,3482.3538194313905,-1607877.771828315,51.41993238079393,0.06266072615600639
Trichloromethane+Benzene,1660.437033971225,-965264.2375577501,46.316687952225074,0.0501435500971954
Trichloromethane+Cyclohexane,855.9219571480553,-599046.0938494575,4.497567738810915,0.006724735624177636
Trichloromethane+Triethylamine,8802.143183454076,-3589783.198847231,262.53123394429076,0.15270139196151383
Dichloromethane+Benzene,806.6740908746327,-576524.4018965678,6.535082917726754,0.010506536627141948
Dichloromethane+Cyclohexane,557.7709960447903,-417445.7958195388,8.213343843573211,0.01696202667499537
Bromomethane+Propane,477.52171077400044,-264545.3571991884,9.85614965900723,0.021352328467340493
Bromomethane+Butane,1009.4797966134818,-464693.201978945,20.418441740748335,0.03298720635561113
Chloromethane+Ethane,174.38173460229825,-121359.74580909814,2.970870579482256,0.022334555974009417
Chloromethane+Propanone,818.2162970607094,-476376.6634400338,14.764829569121426,0.032426030793430365
Chloromethane+Benzene,395.34450615612946,-330008.80499987974,1.3237546348187834,0.002851100429794852
Chloromethane+Cyclohexane,372.6341265083517,-266093.05575794197,1.0093464744474856,0.0031678192202345243
Iodomethane+Diethyl ether,2113.871925374467,-910025.2065911952,16.14166404038724,0.030901125789058972
Methane+Methanol,536.1750337587183,-197785.4359809772,20.27118354062517,0.13776591330730703
Methane+Ethene,93.52423225743536,-49548.19884566516,4.345028736046919,0.06222536300203263
Methane+Ethane,129.3467999259418,-66230.49299619107,2.852896476425297,0.028621251958706087
Methane+Propanone,507.99904385250375,-187831.6195721673,14.739980745456235,0.07426638091972289
Methane+Propane,144.58833442416307,-82129.13225621842,2.2707135483984504,0.01596110398750004
Methane+Butane,135.417113979281,-90584.1227516396,4.927907612665262,0.05856717671552711
Methane+Pentane,261.2806952427646,-142578.2775329513,13.826113671223698,0.08268197131013252
Methane+2 2-Dimethylpropane,175.15568409005002,-108693.63470755737,15.196857081499799,0.12050613893769496
Methane+Benzene,110.53546082226086,-89565.06900500608,6.112833234338105,0.04710106327240721
Methane+Cyclohexane,270.9625282681602,-148377.91351319113,4.534208716386455,0.041852282205725476
Methane+Hexane,338.56157092591855,-181259.9555881677,10.693173985347052,0.047017338420908786
Methane+Diisopropyl ether,760.2368195302242,-290564.71015646093,8.102576787908703,0.029911388048701523
Methane+Heptane,378.63259711494726,-206168.73553889658,14.460797397575055,0.05481240647166022
Methane+Octane,330.7104615514542,-197713.55617476968,6.177813805228259,0.024611863682383373
Methane+2 5 8 11-Tetraoxadodecane,428.4375700209762,-250894.66994691754,2.079087868315611,0.008684411173930052
Methane+2 2 5-Trimethylhexane,251.13165071008268,-146723.3327676349,2.0420041302190697,0.010994218772942897
Methane+Naphthalene,655.2957504018023,-296818.92023639655,14.005476851177995,0.05710501586163527
Methane+(1 1-Dimethylethyl)benzene,308.0696549024132,-171489.88840527236,4.013690375689563,0.025008376500763322
Methane+Decane,531.7571084883438,-265580.4597785041,1.079969020303082,0.005734151804044548
Methane+Bicyclohexyl,517.1362851333895,-263625.5696165332,16.389031706569853,0.14250479607474031
Methane+Diphenylmethane,176.89868791821306,-162763.5531422601,11.912853821801804,0.052505904393379044
Methane+Phenanthrene,599.858907728765,-328719.36466068326,10.920995220570465,0.03285620028508349
Methane+Anthracene,270.82898389648676,-202651.62045965955,10.843541403869427,0.04460066991256612
Methane+Hexadecane,772.061476364762,-393329.47864033154,10.439019018343583,0.04543329279947973
Methane+Eicosane,596.2666510485789,-354347.20030808524,1.815662568704198,0.013046584525339805
Methanol+Ethene,-528.5740047690828,32853.21987208959,250.6147934837543,0.7613918966683836
Methanol+Ethane,510.80398450113694,-235143.8216174458,5.33111337530285,0.021190789416701987
Methanol+Methyl ethanoate,1026.0936512491803,-631465.4794220541,14.345666227954812,0.028098256905045773
Methanol+Diethyl ether,1514.6376658081324,-753079.8094043186,10.445669112470247,0.035774356909418915
Methanol+Benzene,438.11498983859207,-308743.06252171233,29.456031776403936,0.10212771048146958
Methanol+Cyclohexane,282.2990748648359,-207925.79309623432,1.865133256567482,0.009784047401078824
Methanol+Hexane,331.21398293222387,-221001.6051867627,15.837826872188693,0.12963265909507696
Pentafluoroethane+1 1 1 2-Tetrafluoroethane,478.2684874300827,-262758.94836035464,2.077490392057321,0.007513835039036916
Pentafluoroethane+1 1 1-Trifluoroethane,344.69515813996975,-208889.635643899,1.4531985756017776,0.0055336545791462455
1 1 1 2-Tetrafluoroethane+Propane,329.8440868369845,-191297.93809758915,0.6517080457991646,0.002474843444106052
Acetonitrile+Ethanal,32103.65068161748,-12739410.880361004,260.0016170859253,0.07984099672249464
Acetonitrile+Methyl ethanoate,2560.7417452313325,-1319170.9516086061,25.704124931706506,0.03923789992808903
Acetonitrile+Butane,524.0842489090091,-288385.46486293274,1.239912257712831,0.006624327825887965
Ethene+Naphthalene,820.5955788346421,-444674.86350689834,10.481279019848923,0.017528609453318432
Ethene+Phenanthrene,1096.2374622845919,-610905.5275077368,16.697585404059197,0.024611091560989
Ethene+Anthracene,707.7531065232104,-470245.89553055307,12.762374880581806,0.03017046361512938
Oxirane+Diethyl ether,674.1415689219009,-403713.56061163015,15.310242795462727,0.030055501580919318
Methyl methanoate+Propyl methanoate,2617.5726517672856,-1209602.3495832868,28.899297530528088,0.035780925196773325
Ethane+Propene,191.56291327773144,-129526.20847615424,3.249885169750516,0.025979306490507524
Ethane+Propane,277.40899126434647,-164137.62707007618,1.9093619702364153,0.007547531414948904
Ethane+Butane,362.75540986670734,-217738.52688989165,10.679322288338028,0.03183228321953046
Ethane+Pentane,491.1463052531059,-279332.14858584915,20.29322971130532,0.04885269753650798
Ethane+Hexane,499.19297280515127,-308351.70268348424,6.185217363778114,0.017864473643834814
Ethane+Naphthalene,884.2306841457201,-476330.9806548509,8.556255646363963,0.013910370998997057
Ethane+Anthracene,717.7003824459466,-500157.0985380018,10.13862555771118,0.020280615049128467
Ethane+Eicosane,809.9588939686664,-579027.5097362837,5.954139354430538,0.014885210154809928
Dimethyl ether+1H-Perfluoropropane,3359.637376747347,-1316162.444292995,57.11111111111126,0.060681618097410496
Ethanol+Benzene,428.1592791964371,-342193.2544660994,21.162004462887154,0.048228533183920806
Ethanol+Cyclohexane,393.93021434204326,-297898.3696110914,3.1307897139199707,0.010762205377544883
Propene+Propane,355.22987642058615,-219649.94649443135,3.248423270182587,0.016764259777019546
Propene+1-Heptene,1192.2078425663403,-693895.7592145801,11.086108655444551,0.014550915410037639
Propanone+Butane,1645.0935827399067,-688931.3874045123,9.270359142693565,0.014130098677542445
Propanone+Tetradecafluorohexane,1271.8238993881987,-661269.7111767004,12.274625891157484,0.015963526212039694
Propanone+Benzene,1931.0283422668253,-976432.099360187,77.81381841803059,0.10346118894416885
Propanone+Cyclohexane,1844.0205910317513,-910868.3091872766,59.85494966379622,0.09461639853613288
Propanone+1H-Perfluoroheptane,6886.033531342644,-2986750.1886298927,83.72651532232362,0.046353962348715416
Methyl ethanoate+Diethyl ether,1773.768541707611,-897292.6884767618,10.780570399837384,0.011818157194998144
Methyl ethanoate+Diethylamine,1273.0638899772653,-770060.452440763,24.057846244203215,0.041659382246125184
Propane+1 4-Dioxane,421.1127259260324,-292966.29551804555,1.870651788798284,0.0063156575588202086
Propane+Butane,619.3020572202125,-346052.8237877067,4.866026040540798,0.010390517811498237
Propane+Pentane,693.8775396756262,-405766.572338403,4.699292192267933,0.009598298715964822
Propane+Hexane,826.9565644374355,-487821.59718171606,9.002155308355489,0.016429749376531428
1-Propanol+Heptane,205.45317560682167,-252968.82623740862,9.52724850051674,0.03380610641724323
Decafluorobutane+Butane,820.4747215624419,-452230.7638160881,24.05340638672658,0.040417473523084724
1 4-Dioxane+Benzene,606.2303329045958,-538590.3402464052,18.993145826690778,0.025989058025219225
1 4-Dioxane+Cyclohexane,719.9102020692033,-525912.412402188,2.398053721962725,0.004177343267969842
Butane+2-Methylpropane,452.1695341265911,-321406.40440389054,1.2514308617661203,0.0033896793823239048
Butane+Pentane,1017.7916435749164,-578230.9233134474,7.563134288361937,0.011172650117720518
Butane+Hexane,1147.1947371760891,-672633.2118082246,7.531781097884817,0.01086968609726873
Diethyl ether+Benzene,410.0684652470243,-427794.06689615664,43.331757868335075,0.05878439074010008
Diethyl ether+Cyclohexane,885.1516445832357,-603162.6459786842,10.432803985086617,0.016653602369239958
Diethyl ether+Hexane,1546.6378472204597,-872850.1999602582,6.6064656163947575,0.006215261794000547
3-Pentanone+Benzene,1240.561255128811,-834797.0074815614,3.047074415610524,0.003497147958706118
3-Pentanone+Cyclohexane,1031.583478695448,-753489.3599232886,3.147535832316521,0.003671477706822901
Dodecafluoropentane+Pentane,895.3505068579294,-562330.965528183,39.79045078152042,0.056740400009310396
Pentane+Fluorobenzene,936.1520092546011,-646495.5035887031,8.008900145008814,0.019163681551911855
Pentane+Benzene,772.2759878953157,-545336.612168692,1.3572834792070807,0.0031048377216838477
Pentane+Hexane,1470.6866982536822,-863078.6583618573,14.104356953356728,0.014895096356216999
Hexafluorobenzene+Cyclohexane,2093.449793552104,-1144802.7042286696,33.58117261623306,0.03496649831471565
Fluorobenzene+Benzene,928.1245545925419,-692109.9780009821,3.3144467896753667,0.00634794487838912
Fluorobenzene+4-Fluorotoluene,364.65144119189756,-466879.41606789734,2.127081233233961,0.003498452870321313
Fluorobenzene+2-Fluorotoluene,-518.7923867355076,-40697.79347078219,2.9083407261446803,0.00479489626137995
Fluorobenzene+Toluene,2027.1247711005808,-1261735.4326773204,14.990781208557868,0.02196552574372185
Fluorobenzene+Heptane,1365.4351756029084,-918002.6794877155,11.187421441241668,0.01841185709402784
Fluorobenzene+Octane,1100.1946142264464,-926437.8531317628,2.2096211110027375,0.002559173608765829
Benzene+Cyclohexane,1363.197948289373,-843803.4447010468,28.783991132734908,0.026489333952548797
Benzene+Hexane,1177.6625643603234,-806530.1495014136,54.799290053047045,0.06298283014076539
Benzene+Toluene,1152.2222317948886,-828032.2906772882,2.422173564803052,0.004181168310292062
Benzene+Heptane,1179.0480357681026,-853009.2206465069,4.947869895320991,0.008574199289146904
Cyclohexane+Hexane,2000.7059395918984,-1118167.6467950458,25.442616285214626,0.021377887274650866
4-Fluorotoluene+Toluene,1452.3444121072748,-983794.0621722986,10.733098634185898,0.010947792598165407
3-Fluorotoluene+Toluene,2502.189801639969,-1391248.829490019,12.834051651493382,0.016389606900055642
