Gas Name,a,b,MAE,MRE
Bromotrifluoromethane,153.84151973992948,-131855.01426618642,4.407127699132005,0.019312335721697122
Chlorotrifluoromethane,238.93430143258587,-140576.41376922434,8.02243503326016,0.06461500151301092
Dichlorodifluoromethane,481.84849631183096,-287039.7371356503,14.868310692844611,0.04254387484048473
Trichlorofluoromethane,387.37475238964913,-318578.43961306463,9.063276215213678,0.024892327909500238
Tetrachloromethane,1149.8717857116571,-789053.5675018904,39.0479966481673,0.03801828245322193
Trifluoroiodomethane,804.0713555042556,-408458.7491873165,16.651350476790736,0.03979271116130897
Tetrafluoromethane,140.68564571746595,-70477.14085216958,6.692103377285621,0.2906859489231845
Bromodifluoromethane,4363.825803083911,-1752387.3747407622,342.5484694825416,0.6173714203320932
Chlorodifluoromethane,441.30596185493584,-245655.9321432908,21.22643308058992,0.08365606244262695
Dichlorofluoromethane,299.67105444791633,-256881.85776325766,4.4524299236384195,0.008811049219129414
Trichloromethane,1099.1647533435494,-670221.7627906614,28.070400786929763,0.03415963719235264
Trifluoromethane,251.11329939915117,-132480.22363840774,4.7113142855018975,0.0342534975751887
Dichloromethane,648.0516446329401,-422705.3117530082,25.235265667706365,0.06024886618036942
Difluoromethane,383.73303543966864,-204537.0204449504,7.761809985528375,0.04028627357886337
Bromomethane,1377.25495620811,-576172.1427723464,40.42334544021266,0.08251138011527669
Chloromethane,313.281440217344,-211789.7129276922,9.837254881430239,0.05442013437745188
Fluoromethane,241.26789046341582,-134169.53545549978,4.600421287344351,0.02937137759462968
Iodomethane,1097.2241852954453,-557343.3737584333,14.904728710388417,0.023671965290947034
Nitromethane,6859.166829187976,-3163054.9896577694,115.03693281117505,0.05838528750073869
Methane,94.01985215692413,-42236.2606221183,9.689529056597884,0.769469366937559
Methanol,1361.678038811197,-761788.5848872698,100.30550906968833,0.38494703385413254
Methanamine,375.17970004057327,-249836.88783813614,19.79949466546608,0.0792982417863712
"Chloro-1,1,2,2,2-pentafluoroethane",443.52084618225814,-268179.3862768922,1.3003733370468151,0.005109922961748832
"1,1-Dichloro-1,2,2,2-tetrafluoroethane",801.1967921232233,-473045.10948862816,0.6752328584232601,0.0017096870307217425
"1,2-Dichloro-1,1,2,2-tetrafluoroethane",756.4129026406125,-473444.89765925,27.027060483080664,0.05679926678072723
"1,1,2-Trichloro-1,2,2-trifluoroethane",479.562957168347,-440891.081124075,10.532895222907623,0.014675245326632062
Tetrafluoroethene,139.55902129557148,-93726.9906330143,2.8591657893136926,0.015778894049655726
Hexafluoroethane,584.7338541685751,-246712.22244752216,37.17579274586969,0.07385537025139802
"1-Bromo-1-chloro-2,2,2-trifluoroethane",2261.2059999999947,-1082942.2188999983,0.0,0.0
"1-Chloro-2,2-difluoroethene",288.5336476897214,-217404.14402653632,0.1564080351130997,0.0006117831036386023
"1-Chloro-1,2,2,2-tetrafluoroethane",868.4356710625609,-452305.0698242955,16.994513848809067,0.03270331733641344
"1,1-Dichloro-2,2,2-trifluoroethane",1295.4238001111055,-716067.1031837901,49.3018009468968,0.06763656978712068
"1,2,2-Trichloroethene",1309.3601757173685,-879585.0904216784,0.2159504782471989,0.0001841238759486487
"1,1,1,2,2-Pentafluoroethane",444.7325337348613,-244938.05338864072,7.9574633245935384,0.03327515206975184
(Difluoromethoxy)trifluoromethane,604.9169813424841,-322975.7523248446,7.136056423081198,0.01933428022314557
Ethyne,685.933092694251,-248893.2659826114,8.088439849208221,0.029579695346171938
"(E)-1,2-Dichloroethene",1257.0844706743865,-702502.2249353436,1.0546471162576836,0.0012527745974061871
"(Z)-1,2-Dichloroethene",920.777056851176,-613340.8826798984,0.129080279047173,0.00014239783711895103
"1,1-Difluoroethene",196.83519858640503,-116570.309617209,6.569295255887433,0.054048893524236044
"1,1,1,2-Tetrafluoroethane",651.4456760453447,-347243.05688327126,23.742296012377718,0.0722811202276372
"1,1,2,2-Tetrafluoroethane",779.7245279526103,-374399.71677156613,0.15031469825989538,0.00032223012088996526
Bromoethene,453.24878121520317,-338028.791980676,0.5892468538971798,0.0010174440455538872
Chloroethene,165.57198664777343,-177529.22910704353,12.74684207119983,0.03239374220113382
"1-Chloro-1,1-difluoroethane",752.2524110804046,-421994.5419021184,27.876306269591225,0.0614778843055792
"1,1-Dichloro-1-fluoroethane",1260.7634147157655,-674601.1203876578,19.978553239373852,0.028434841681903297
"1,1,1-Trichloroethane",629.8852673701599,-592553.8005953314,22.249673668873584,0.02118636541469982
Fluoroethene,455.09818343405783,-220369.09997323243,1.9615428809187165,0.009980379727354025
"1,1,1-Trifluoroethane",542.2799486556316,-286622.90424441156,12.914518427448291,0.04616213506970311
"1,1,2-Trifluoroethane",1328.2999999999943,-578459.9999999983,5.684341886080802e-14,9.475482390533092e-17
"2,2,2-Trifluoroethanol",1723.5838364140386,-933588.4256073367,5.250229061269002,0.007984363826151392
Iodoethene,649.1726341596161,-508492.12190521555,0.5768383236005548,0.0006836168648671121
Acetonitrile,4255.671801120274,-2440259.900372138,335.285089528046,0.28634776592232936
Ethene,156.16297772306137,-89257.08099952152,4.2519215962279615,0.036014530192701996
"1,1-Dichloroethane",901.5796482401481,-600161.9515075086,8.280706080178424,0.011976272805574676
"1,2-Dichloroethane",672.8151290314515,-539360.3398640656,13.390255472010423,0.02909982087007361
"1,1-Difluoroethane",743.7238111091351,-386167.28957377526,30.053249807006033,0.08363181889769057
Ethanal,1670.7022572273013,-847808.8824399892,70.34349397127677,0.11277252427918487
Oxirane,612.4351954414196,-362522.3381367566,2.125419701941297,0.00480792250924457
Ethanoic acid,14923.486577805688,-8764805.176014367,302.83686386001256,0.24943178025127585
Methyl  methanoate,1293.2697361155647,-675206.5112237819,17.886617791995242,0.026863760555616175
Bromoethane,1824.7587692008178,-782119.6531405716,37.36090179121747,0.05182586914706409
Chloroethane,677.2448808457323,-424593.55107837584,49.86492706762872,0.14232054877871952
Fluoroethane,534.5290633098848,-271427.437985931,0.31395779340977015,0.0008505680179515246
Ethane,195.39496263984114,-116778.59767005048,11.139027513433424,0.10404383895972748
Dimethyl ether,518.6740435175807,-303108.54270070797,30.64434868417244,0.06524214061196207
Ethanol,2236.3933705695226,-1161729.1375848071,125.23306830552217,0.24954518469802994
Ethanethiol,1577.0182185553708,-741758.8658608195,9.179844862601536,0.01018080953222777
2-Thiapropane,1250.1139437385577,-641887.2378856,20.82397653402618,0.024041179501596243
"2,3-Dithiabutane",1399.566395318602,-933548.6805132593,11.50249419083419,0.009706542814657451
Ethanamine,876.1307426193705,-491048.6169107338,10.280923150521714,0.01974570806471002
N-Methylmethanamine,651.0926693621129,-388022.4133974716,4.947035232995941,0.011073307976403164
Ethanedinitrile,417.5160374032944,-236700.93603689742,2.3338866923594543,0.012237711506830267
"2,2,4,4,5,5-Hexafluoro-1,3-dioxolane",6282.936355246952,-2664139.305208516,133.59278613514243,0.10536576836018657
Octafluoropropane,969.8672693299171,-462718.1656725347,18.02116166604162,0.04591627932738653
"1,1,1,2,3,3,3-Heptafluoropropane",22645.215485389417,-9437322.81391076,701.5304102115366,1.9200646927532448
"1,1,1,2,2,3,3-Heptafluoropropane",581.728316139633,-386744.9276478449,35.69256081276484,0.05135956090179356
"1,1,1,2,3,3-Hexafluoropropane",984.0939470299742,-532575.0162060788,10.08405031433385,0.01652035322396075
"1,1,2,2,3-Pentafluoropropane",892.1061422936348,-529736.4128154464,6.292141131002154,0.010417043986163907
1-Propyne,259.7334502579846,-187802.74387483063,4.045140324923663,0.02110514310442948
"1,2-Propadiene",491.07059950787965,-262308.03918273543,11.613565469553317,0.03071298261817938
3-Bromo-1-propene,-289.90764299844625,-246483.02611226085,3.0718799272207584,0.0029588504603655437
Cyclopropane,312.6417580090027,-205285.11094974255,2.8979627121455445,0.009572859261294758
Propene,313.92496755460104,-199178.60994371772,9.704357277518683,0.05055787130073524
"2,2-Dichloropropane",1334.0872003122504,-858033.3995866178,18.01843653423856,0.019795942288688414
Oxetane,2025.7149658806352,-918380.8119185949,26.521142805298723,0.02652334054091674
Propanone,2482.2882061054625,-1268563.274824681,65.6927596507249,0.07385141303594993
Propanal,5729.154134257968,-2257667.6388077275,46.31270050825151,0.026809922120901032
Ethyl methanoate,1677.2139071602896,-887265.7148970122,18.757657345376145,0.02217080718870572
Methyl ethanoate,1848.5719938365908,-995466.4930572008,26.040869776579438,0.03161777187223916
1-Bromopropane,-960.2293824556934,51470.84372630525,140.76410945844648,0.18186915572178053
2-Bromopropane,1244.4768219290436,-765595.2544746809,20.735949850041575,0.021021273855238692
1-Chloropropane,779.5592487244716,-529357.6296603095,32.163777449039166,0.0707451247157445
2-Chloropropane,783.6127161856715,-515858.4692046278,5.776044477987375,0.00815297459110315
Propane,340.1287487514769,-221724.73238546925,15.7615551218476,0.0788471899377277
Methoxyethane,773.0271596912803,-407732.98662964156,13.315264788316142,0.033333628074267735
1-Propanol,3175.4172281972415,-1709025.0214689476,266.7713814905888,0.46709720566756396
2-Propanol,2328.4776385846662,-1222568.6418249712,74.43783848540228,0.10723779174509174
1-Propanethiol,1994.504711718906,-1023113.4107706639,6.895334341969222,0.005848264422014183
2-Propanethiol,1753.4766399275259,-901431.4089383492,6.969000201482231,0.005926915958372238
2-Thiabutane,1734.5005850702314,-977609.4024365593,83.39365688316848,0.0673837834020503
"N,N-Dimethylmethanamine",810.2515519466322,-463336.03640486026,8.533878424595764,0.014149135651204455
"2,2,3-Trichloroheptafluorobutane",5972.3281065807,-2929527.7555266726,103.90935321199352,0.05947756903499634
Trifluoroethanoic anhydride,10297.011123754148,-3714026.233082145,17.04258416389045,0.008888966664433689
Octafluorocyclobutane,596.8136295405461,-394926.3745040832,26.67262140584037,0.10404568962730575
Octafluorotetrahydrofuran,-2379.441588710564,-140330.5373297053,223.1640826778597,0.08110083241079652
Decafluorobutane,1172.1159798038912,-622972.5895675208,10.81345361200415,0.013924352706310955
"1,1,1,2,2,3,3-Heptafluoro-3-(trifluoromethoxy) propane",3500.5539681069704,-1984849.630822549,51.57310624980073,0.031314117427923324
"1,1,1,2,2,3,3,4-Octafluorobutane",1273.1351540780306,-725201.2084897764,11.213615503077184,0.014136085787103144
2-Chlorothiophene,1767.1264901481795,-1272895.470357173,7.3705408908367644,0.003992474850505035
Furan,874.773510131148,-510027.2841436949,10.019519050903881,0.013872331194235105
Thiophene,1071.8202111193393,-707042.454734919,18.750951295608814,0.018912356842784243
1H-Pyrrole,-1209.8810175624014,-4127.4695609458695,205.1882998233016,0.16881660193851367
"1,3-Butadiene",974.2560896536814,-485086.09297558083,15.765108240218382,0.028887456601333267
1-Butyne,1108.9307130449206,-571034.0486328858,50.76951825620794,0.05294754812101828
2-Butyne,612.7096302699358,-445033.280244667,7.058517620915836,0.007673201250353176
"2,5-Dihydrofuran",584.915536058719,-417784.2743387467,1.4484048478602745,0.002383367758149065
Butanenitrile,9541.892292554916,-4318294.289774635,60.67723849437198,0.030198168960613767
2-Methylpropanenitrile,3981.820895510258,-2190966.98576077,12.026458029997002,0.0057576295418758985
1-Butene,1080.1695560055405,-552249.5431737413,97.59655092109196,0.21356269923185603
(E)-2-Butene,1232.5849889425076,-589115.7710413397,23.67653382337528,0.029903034422045918
(Z)-2-Butene,1381.1796805750491,-636499.3862404,36.9827727267289,0.044444035846868624
2-Methylpropene,649.4023007848075,-413590.63866288646,49.13561185134182,0.12266334739305403
Butanal,1679.1645623402035,-968455.8173775469,18.043015759561833,0.01601922136061297
2-Butanone,3393.8028828449333,-1694830.145895038,49.993310634128285,0.03593176501536672
Tetrahydrofuran,1391.722681925366,-790216.01981771,59.6664019682396,0.05160058226680582
"1,4-Dioxane",1244.4980453219728,-861074.8624690411,13.594949100100393,0.014171805270814363
Ethyl ethanoate,2380.2252130748207,-1279198.1998972022,29.93335391031471,0.024495978427691786
Methyl propanoate,2382.732609809005,-1301203.3074960895,23.326041055277788,0.018810737992073386
Propyl methanoate,2436.8676306685065,-1291602.3868858193,23.606050256236035,0.021134294427491897
Tetrahydrothiophene,-933.2229898704604,-19053.058449158543,210.2689420090921,0.21093895305934157
1-Bromo-2-methylpropane,6234.226446540587,-2846600.57951463,184.22002058266025,0.14559978048579958
1-Bromobutane,6339.620398225045,-2668425.042496599,77.11209411633517,0.05093930442595869
2-Bromobutane,1214.3994115573832,-874575.5568531246,6.534280676626281,0.006096409757056265
1-Chlorobutane,994.3882560400972,-710778.7281452799,32.00793137120196,0.053131894368267804
1-Chloro-2-methylpropane,-12.302400000002763,-351282.514439999,1.1368683772161603e-13,1.152609450682181e-16
2-Chloro-2-methylpropane,1828.2283046653947,-971454.052197087,103.96690096001082,0.09904797719050613
Pyrrolidine,2392.217299153821,-1217917.6160348898,10.112602792671018,0.008607792421603998
Butane,588.5690588674215,-393725.6416910952,30.2860863924196,0.07965407904622937
2-Methylpropane,496.14317297422565,-341862.5997134542,27.43907675082274,0.06724895990361929
1-Butanol,2475.5287127885827,-1415883.8916167342,153.12742369353654,0.3017494218864911
2-Methyl-2-propanol,2822.857933734161,-1423633.617506441,6.111548878218741,0.007785991671062961
Diethyl ether ,1637.0234502504325,-844320.4807171163,47.58602527838392,0.05985311660742851
2-Methyl-1-propanol,2796.1258811958323,-1510200.300491635,8.533882745510823,0.011269469200017477
(RS)-2-Butanol,2976.972680997768,-1553078.6475260707,2.372089842709215,0.0026239406527731788
1-Butanethiol,1756.059788190397,-1114531.7087864615,0.032219724105516434,2.270894084806317e-05
2-Methyl-2-propanethiol,2119.4179173765433,-1100449.7881877362,22.854167218630966,0.017247316031286014
3-Thiapentane,2240.6634601744486,-1256231.1632504882,49.883225980828776,0.03187676132329967
2-Methyl-1-propanethiol,3095.9376610274394,-1540588.9873621776,10.849152579520705,0.007720777625198288
2-Butanethiol,1453.844812930346,-959144.6040113774,17.66570750448659,0.01240392263320335
3-Methyl-2-thiabutane,2032.5786456195917,-1146304.320171239,4.505132360470346,0.003321691581134961
2-Thiapentane,2243.3862407793968,-1281960.4656803985,0.7923992754837551,0.0005522232388780091
Butanamine,-1835.999636813169,-1879.0137319561136,18.0,0.00975962314389905
N-Ethylethanamine,1561.362305847682,-899381.2986013688,18.18859084915076,0.018756206450167585
Tetramethylsilane,998.9994258184895,-635140.6424549049,41.7024763618851,0.11177978318511136
Dodecafluoropentane,1821.877383785402,-972364.3404968006,15.35955756182102,0.015360757993476968
Pyridine,1691.880289158841,-1035089.9717997494,16.075543043131574,0.01719176115882527
2-Methylfuran,509.2931755415291,-437679.01385594916,5.608182647537797,0.007711213426970301
2-Methylthiophene,2030.3972793925982,-1245818.9968590538,6.98218414039975,0.004612980714669431
3-Methylthiophene,2925.770293832863,-1583660.150156992,4.640304817876131,0.0029460963103263337
N-Methylpyrrole,1367.6637153947863,-901145.8248052623,22.456510994814742,0.01820614998725356
Cyclopentene,947.5159645265373,-587027.3587288832,5.06500995841161,0.007006087811360981
"(E)-1,3-Pentadiene",2115.8193848197648,-1142119.1607791844,18.80399097781276,0.013891037310591207
"(Z)-1,3-Pentadiene",1226.07707555361,-809761.2884011555,10.40875387820256,0.008734140715230605
"spiro[2,2]Pentane",1758.2169348024124,-840173.5176877629,11.762893316956024,0.011238020433515815
Cyclopentane,1067.177227486844,-634895.8082358948,5.2115023613084,0.005347203402854983
2-Methyl-1-butene,307.8017369413733,-435788.00172536506,6.140426082360364,0.00532141668375017
2-Methyl-2-butene,1803.2970319324656,-918353.798539237,0.5155967674018788,0.0004054110523606606
1-Pentene,1236.3474038743911,-695885.1409089705,29.74901137910988,0.036630240805568696
2-Pentanone,5536.95321432598,-2646642.503581579,118.45872054515075,0.07279446581354151
3-Pentanone,4044.308975789479,-2082613.004964884,51.93516577490518,0.038955484248420755
3-Methyl-2-butanone,3971.068834712123,-1972374.6524431384,15.875763944133118,0.00939918972911172
Butyl methanoate,3366.6919999999936,-1777198.5197999976,0.0,0.0
1-Methylethyl ethanoate,5046.728505120983,-2296232.721767725,31.394528878727822,0.019198479997755032
Propyl ethanoate,4785.187114917573,-2311610.6709089978,52.73272008746608,0.03491892180893093
Cyclopentanethiol,2517.017306891189,-1510926.1078973697,1.6033784746089925,0.001125109114749623
Thiacyclohexane,952.5655878447792,-936995.9513227275,11.736834219103821,0.007951305728864315
2-Chloro-2-methylbutane,1497.4000885573062,-999070.0879070393,5.292970148658772,0.004653637062483802
Piperidine,1387.1510921883946,-939447.6758520725,12.491499296632659,0.010103516322207545
"2,2-Dimethylpropane",638.8712837661242,-444819.2329415648,17.603811235262036,0.03600668691393979
2-Methylbutane,851.3072717832109,-580726.3087175057,40.31195684328815,0.07649571004509777
Pentane,865.2238327399962,-598911.632972411,43.761119803111164,0.0831110234532476
3-Methyl-1-butanol,6562.706294176233,-3116033.876691642,131.51395967251537,0.07239464974214953
Butyl methyl ether,2510.744381561821,-1374994.3201814953,38.45758770788052,0.027514474703232095
1-Ethoxypropane,1426.3540690513837,-893951.6763169682,2.2553367149607766,0.001634383326557444
1-Pentanethiol,2696.399418525749,-1641345.8126643104,4.069672894184805,0.0024726165919054847
"3,3-Dimethyl-2-thiabutane",1932.076976436668,-1201341.885790291,9.424986178213127,0.006312869977808261
2-Methyl-2-butanethiol,2208.5757378192784,-1291369.9202339547,3.722915092795423,0.0025401899477736287
2-Methyl-1-butanethiol,2940.746220540289,-1681156.8553358165,12.875288006863457,0.007724041958828202
1-Pentanamine,-1054.0,0.0,9.0,0.008539522071234701
Chloropentafluorobenzene,5092.627075300721,-2679841.59517977,27.715144290240158,0.013049325652063959
Hexafluorobenzene,1789.2048758532706,-1179499.3715408049,109.82239774828004,0.14018229892986583
Dodecafluorocyclohexane,1320.5777690291206,-860985.0613253948,9.123263883910264,0.010779415085342069
"2,3-bis(Trifluoromethyl)-perfluorobutane",2748.0765451582847,-1491033.2343397245,159.2961685309212,0.11302242734567285
Tetradecafluorohexane,2389.103706549239,-1360556.9120644943,69.24059796724157,0.05161917835345358
Undecafluoro-2-(trifluoromethyl)-pentane,2261.7241733497594,-1315209.6142630358,57.36835625988666,0.04354655681874841
Undecafluoro-3-(trifluoromethyl)-pentane,1806.70493576642,-1122513.9328305582,30.09219622523659,0.026475478950326963
"1,2,3,4,5-Pentafluorobenzene",4366.023351007812,-2084786.2571628753,16.46039528762382,0.009389372262361867
"1,2-Difluorobenzene",2382.415240792815,-1311694.5115245508,6.741799226206695,0.004823113443674043
Chlorobenzene,954.177718574374,-836061.0374032344,12.88408616087969,0.02172338507898687
Fluorobenzene,916.1488940334318,-707052.4999720558,35.78398404260201,0.06746085735492494
Benzene,943.9147759156673,-687410.1078409766,52.910973160250585,0.07704882735551742
Phenol,1718.7388940147198,-1333462.3636563926,48.21463723286495,0.052085236642978545
Benzenethiol,2795.579101280646,-1843069.3272159973,16.22026503290226,0.008724215076117906
2-Methylpyridine,2519.5403117586166,-1496384.1598955332,16.32737657433002,0.013546719418023608
3-Methylpyridine,2850.02933774109,-1737228.2019559145,29.682106688212116,0.02197433880757219
4-Methylpyridine,3108.098469518095,-1840834.4000986353,19.473623697210407,0.01428331878898123
"2,5-Dimethylthiophene",1621.2941626743827,-1272954.6392273775,10.119891465270575,0.004976542855910702
Cyclohexane,1044.1299188292182,-743378.0418145525,50.42110325568865,0.07508779870392754
1-Hexene,1627.5582163898116,-967572.99925371,15.33759252349397,0.015195542549679796
"2,3-Dimethyl-2-butene",2978.9263289393966,-1494377.2272195967,34.502094087235946,0.019461556714331613
Methylcyclopentane,1397.7629887485587,-867672.6080419982,0.6484834851691327,0.0005175681298356888
"3,3-Dimethyl-2-butanone",4359.793138416366,-2235912.601842016,53.85258205640124,0.02641896018895273
3-Hexanone,4693.745725555338,-2516171.677440232,19.151377873564343,0.009622312493814253
3-Methyl-2-pentanone,4522.458806106284,-2437355.826287024,68.33333333333333,0.03163992924621342
4-Methyl-2-pentanone,5287.479236082898,-2778326.002896088,83.33333333333333,0.034757875798634215
Cyclohexanethiol,3466.55710042148,-2074167.753120167,39.81004255532844,0.024706976233547406
"2,2-Dimethylbutane",702.3829114852836,-558835.3403094829,8.804890587616796,0.020258297627214723
"2,3-Dimethylbutane",1089.705755151886,-782367.0159346113,15.877597157485752,0.02304403734018632
2-Methylpentane,1422.6224630911545,-925632.7092038791,54.349711323904344,0.083215656965403
3-Methylpentane,1374.0915594294158,-901161.9577308475,29.772947347884593,0.04385066766540516
Hexane,1330.45523743421,-906234.6268939539,59.42377537405634,0.07829907607553593
bis (1-Methylethyl) ether,2198.541365900179,-1237341.3417244393,31.308263965522332,0.019796210939880758
1-Hexanol,626.2162864477294,-669319.2594763148,29.539697727525315,0.048047744011451905
Dipropyl ether,528.2819295979723,-768432.8944736145,130.070434248236,0.07003727089069751
Methyl 3-methylbutyl ether,17607.132801990298,-6569427.44456181,33.8464093779301,0.01931930620934532
Methyl pentyl ether,2070.0559999999955,-1330300.6463999983,2.2737367544323206e-13,1.2985361247471848e-16
Butyl ethyl ether,1845.8509199866428,-1154500.1238875021,7.293946657764461,0.004105608347342594
"N,N-Diethylethanamine",1795.8771408423763,-1104352.5080339636,26.242256869854202,0.017904615882145147
Hexamethyldisiloxane,2053.394046877033,-1485018.2310908542,50.161455335301426,0.04525825848825689
(Trifluoromethyl)undecafluorocyclohexane,3421.8312581162286,-1762030.669099265,159.48309999768733,0.14489195489605786
1H-Perfluoroheptane,4102.107155166367,-2272103.1064149393,57.916068014245866,0.030659063493496813
"2,3,4,5,6-Pentafluorotoluene",5332.659151806111,-2817046.2996189953,29.278178925713064,0.012997129351398403
(Trifluoromethyl)benzene,2700.8799583039154,-1560780.2435058628,12.107077578848779,0.007114893971837483
Benzoic acid,30672.25908638081,-17889828.999099143,168.059950222769,0.050231392038996465
1-Fluoro-2-methylbenzene,2007.8287815257004,-1294326.4658464063,10.956835390520633,0.00958039872808944
1-Fluoro-3-methylbenzene,2056.409649853805,-1345949.2923855903,17.548219697731938,0.014658667339383175
1-Fluoro-4-methylbenzene,1794.9305473311397,-1232488.9019494173,47.43873977619805,0.034922455097655625
Toluene,1447.3632825009563,-1042850.2506763008,38.98775455362074,0.04575871812752308
2-Methylphenol,8808.635220125812,-4621167.067610075,1.8189894035458565e-12,1.1803165623836214e-15
Methoxybenzene,2337.921942836633,-1626442.5635526977,65.14877922494433,0.0662550461239348
"2,3-Dimethylpyridine",2944.9383872951657,-1953165.146606054,14.108995199331426,0.008462232285813087
"2,4-Dimethylpyridine",2261.106233465766,-1643756.5114242604,31.623373451353814,0.018924879593437218
"2,5-Dimethylpyridine",2531.164401099596,-1755272.5602951725,34.166666666666664,0.021232315428478473
"2,6-Dimethylpyridine",2584.5516586273243,-1683885.5276610507,25.092290385662455,0.016783077771128717
"3,4-Dimethylpyridine",7518.372611464962,-4065742.576433119,43.25,0.022629115298003866
"3,5-Dimethylpyridine",4537.753164556956,-2745617.1392405042,44.25,0.024329180914024504
1-Heptene,2425.3659645605258,-1428897.3205159744,13.29219699403843,0.009522582018485588
"3,3-Dimethylpentane",2803.8818340244197,-1484238.9443737378,53.99680748455762,0.03050384513835438
Heptane,1376.741856674653,-1057314.2455010598,45.59334675726552,0.059591204165089305
"1,2-Dimethylbenzene",4347.009117289406,-2449424.078931053,61.965045835928386,0.03494860576999645
"1,3-Dimethylbenzene",4737.807552969469,-2583532.209193247,34.06913481251358,0.020807024405984927
"1,4-Dimethylbenzene",2468.557596253944,-1665674.6659484708,72.77570168049508,0.06272282681927595
Ethylbenzene,3323.6600533026585,-1947079.3144332448,51.03408122057822,0.029892352912951684
1-Octene,3231.4547772523897,-1934098.2062822026,7.613664233545726,0.004095805255566947
1-Ethyl-1-methylcyclopentane,2059.3597350643286,-1372906.9874524868,13.354187747659807,0.007897481526288812
"2,3,4-Trimethylpentane",2407.1235951095473,-1527387.3592728244,6.529097144641518,0.004100288202347708
Octane,2164.6572760712015,-1571533.1354261162,54.389430157291294,0.048473087998110446
Dibutyl ether,-2650.0,0.0,0.0,0.0
Octamethyltrisiloxane,2472.708739079977,-2001309.6654917877,21.31022383069497,0.01586926489808107
"2,3-Dihydroindene",2508.0673069633976,-1833266.1212077935,22.41013737418615,0.01144078603544875
2-Methylnaphthalene,5994.702755119957,-4512105.292441653,71.99141459076645,0.03361804436603499
