Gas Name,a,b,MAE,MRE
Chlorotrifluoromethane+Trichlorofluoromethane,-437.95,0.0,10.449999999999989,0.023874764595103553
Chlorotrifluoromethane+Chlorodifluoromethane,-270.6,0.0,4.700000000000017,0.017374051378461416
Chlorotrifluoromethane+Trifluoromethane,-222392.4000002355,66735488.82007072,2.9132252166164108e-12,1.709639211629349e-14
Dichlorodifluoromethane+Trichlorofluoromethane,-439.29999999999995,0.0,7.099999999999994,0.016166298872651204
Dichlorodifluoromethane+Trifluoromethane,-297.40000000000003,0.0,2.3999999999999773,0.008078450824511233
Trichlorofluoromethane+Trifluoromethane,-243.3,0.0,4.299999999999997,0.017679176158062998
Tetrachloromethane+1-Propanol,2294.9664588923597,-1144560.3827764392,12.9390274050902,0.008743198449000103
Tetrafluoromethane+Hexafluoroethane,253.1500000000001,-120583.42250000002,5.684341886080802e-14,6.42871999021043e-16
Tetrafluoromethane+Octafluoropropane,313.5580000000001,-159170.11770000003,0.0,0.0
Tetrafluoromethane+Decafluorobutane,395.4290000000002,-200168.48135000005,1.1368683772161603e-13,6.56910077387124e-16
Tetrafluoromethane+Butane,-166.0,0.0,0.0,0.0
Tetrafluoromethane+Dodecafluoropentane,382.8180000000001,-207403.4867,1.1368683772161603e-13,5.480473351902395e-16
Tetrafluoromethane+2 2-Dimethylpropane,-234.0,0.0,0.0,0.0
Tetrafluoromethane+Tetradecafluorohexane,327.50300000000004,-195345.14445,5.684341886080802e-14,2.0521089841446938e-16
Tetrafluoromethane+Hexane,-255.0,0.0,0.0,0.0
Chlorodifluoromethane+Trifluoromethane,245993.20000026037,-73950136.26007819,8.72546479513403e-12,3.4515287955435244e-14
Chlorodifluoromethane+1 1-Dichloro-2 2 2-trifluoroethane,983.6303571428564,-484984.23026785697,2.2737367544323206e-13,3.116353127426005e-16
Trichloromethane+Methane,-199.0,0.0,0.0,0.0
Trichloromethane+Ethene,-373.0,0.0,0.0,0.0
Trichloromethane+Methyl methanoate,2020.2333333333395,-1010058.5133333356,4.547473508864641e-13,5.77650387608872e-16
Trichloromethane+Diethylamine,-1786.0,0.0,0.0,0.0
Trichloromethane+Hexane,955.4443633943813,-682533.6023123197,35.37778260152785,0.031042439193469756
Dichloromethane+Chloroethane,787.2632544742353,-420112.2098755917,8.605877875135699,0.015549323024330229
Difluoromethane+Pentafluoroethane,349.9850289734684,-194284.02930751737,0.7739229327235838,0.003908266505198664
Difluoromethane+1 1 1 2-Tetrafluoroethane,385.04341328281953,-216515.61665308877,0.3031672136694965,0.00134192502049777
Bromomethane+Chloromethane,754.440535896978,-365900.8719482446,2.9383794881260314,0.006824889984846663
Bromomethane+Bromoethane,1551.7299999999973,-761687.7629999992,0.0,0.0
Bromomethane+Chloroethane,213.73999999999967,-203498.56799999985,1.1368683772161603e-13,2.7355722916745475e-16
Bromomethane+Pentane,-765.0,0.0,0.0,0.0
Nitromethane+Propanone,69833.99999999991,-23436201.59999997,0.0,0.0
Nitromethane+Benzene,-1283.0,0.0,0.0,0.0
Methane+Hexafluoroethane,-65.0,0.0,0.0,0.0
Methane+Ethanol,138.95465687123948,-78304.19363588211,2.4262287525069532,0.02370421780726162
Methane+Propene,116.37890000000002,-71937.304035,2.1316282072803006e-14,2.2428217350264085e-16
Methane+Octafluorocyclobutane,228.78363569048506,-114500.18141429102,1.4557571269900034,0.009589349163049129
Methane+Decafluorobutane,-128.0,0.0,0.0,0.0
Methane+2-Methylpropane,-158.7,0.0,0.0,0.0
Methane+1-Butanol,-160.0,0.0,0.0,0.0
Methane+Diethyl ether,-161.0,0.0,0.0,0.0
Methane+Dodecafluoropentane,-95.0,0.0,0.0,0.0
Methane+2-Methylbutane,704.1651282258149,-267824.69572679506,3.3515437293605146,0.017830889236013486
Methane+Tetradecafluorohexane,-90.0,0.0,0.0,0.0
Methane+2-Methylpentane,1919.5439999999994,-666937.4207999998,0.0,0.0
Methane+2 2-Dimethylbutane,588.7550200803221,-240058.42248996007,1.1368683772161603e-13,6.322770856932109e-16
Methane+Toluene,746.8889404332226,-289180.1080869025,1.234620084982718,0.0035638207056764393
Methane+Nonane,1044.8463790141504,-406644.7773950933,22.008100896930653,0.044454324469692906
Methane+1-Methylnaphthalene,302.4702448910242,-177196.4543567226,2.2805034059837794,0.017293689881159358
Methane+2 6 10 15 19 23-Hexamethyltetracosane,1133.2666666666678,-594413.3866666673,0.0,0.0
Hexafluoroethane+Ethane,265.46500000000015,-132641.76475000003,5.684341886080802e-14,5.118085606241335e-16
Hexafluoroethane+Octafluoropropane,499.54100000000017,-258048.52415000004,0.0,0.0
Hexafluoroethane+Decafluorobutane,612.0420000000003,-323163.57230000006,1.1368683772161603e-13,3.70296644498729e-16
Hexafluoroethane+Butane,-282.0,0.0,0.0,0.0
Hexafluoroethane+Dodecafluoropentane,771.7840000000001,-405160.2996,0.0,0.0
Hexafluoroethane+Pentane,-353.0,0.0,0.0,0.0
Hexafluoroethane+Tetradecafluorohexane,822.2660000000001,-438923.6579,0.0,0.0
1 1 1 2-Tetrafluoroethane+1 1-Difluoroethane,511.35324999999983,-297159.2152375,1.1368683772161603e-13,3.8527618995407273e-16
Acetonitrile+Cyclohexane,-850.0,0.0,0.0,0.0
Ethene+Ethane,-157.3,0.0,0.0,0.0
Ethene+Ethanol,-243.0,0.0,0.0,0.0
Ethene+Propene,189.59265000000002,-122388.38359749998,3.552713678800501e-14,1.889809582113784e-16
Ethene+Benzene,-282.0,0.0,0.0,0.0
Ethene+1-Methylnaphthalene,935.3824697427347,-524355.9610561398,0.39897982848992797,0.0011540921967201588
Ethene+Bicyclohexyl,667.3993541542941,-414291.6177967685,12.08098611935994,0.0317713852837014
Ethene+Diphenylmethane,807.8762833764049,-488556.71961886704,12.53085558426983,0.03142618404291929
Ethene+Hexadecane,957.8565322813603,-589543.1196056473,0.7669784790927755,0.001564514778743517
Bromoethane+Diethyl ether,1712.379999999996,-899342.1779999989,2.2737367544323206e-13,1.9601178917520005e-16
Bromoethane+Pentane,-945.0,0.0,0.0,0.0
Chloroethane+1-Chloropropane,552.5096694009575,-412710.2647144713,5.859011796314576,0.007660393964237831
Chloroethane+2-Chloro-2-methylpropane,1303.859999999999,-631367.3519999996,1.1368683772161603e-13,1.5967252488991015e-16
Ethane+Ethanol,342.56085997653736,-181708.447102836,13.161906651024765,0.06256255670648614
Ethane+Decafluorobutane,-273.0,0.0,0.0,0.0
Ethane+Diethyl ether,-388.0,0.0,0.0,0.0
Ethane+1-Butanol,-375.0,0.0,0.0,0.0
Ethane+Octane,596.3599999999999,-383185.15199999994,1.1368683772161603e-13,3.3230701281558614e-16
Ethane+1-Methylnaphthalene,905.16183616342,-547774.2413869314,5.757890775613532,0.013136362857244108
Ethane+Bicyclohexyl,869.4527954824777,-534647.576782389,12.701747456126327,0.026365742535129508
Ethane+Diphenylmethane,878.9395278007631,-542511.4239142856,13.313321564145213,0.028800440549405032
Ethane+Hexadecane,1289.1646595817997,-771403.0112749871,2.2024397211998803,0.003654145610918416
Ethane+2 6 10 15 19 23-Hexamethyltetracosane,-293.0,0.0,0.0,0.0
Ethanol+Pentylamine,-1125.0,0.0,13.0,0.011557098784943926
Octafluoropropane+Propane,427.8370000000001,-238755.17655000003,0.0,0.0
Propene+Butane,-529.6,0.0,0.0,0.0
Propene+2-Methylpropane,-510.5,0.0,0.0,0.0
Propanone+Methyl ethanoate,-905.0,0.0,0.0,0.0
Propanone+Hexane,-865.0,0.0,0.0,0.0
Propane+Heptane,641.5803744242417,-452701.3955769211,5.872704019400089,0.012202776729854046
Propane+Octane,884.9516161765304,-574513.5557309575,2.411836137404066,0.004686464274214673
Decafluorobutane+Dodecafluoropentane,-939.0,0.0,0.0,0.0
Decafluorobutane+Tetradecafluorohexane,-733.0,0.0,0.0,0.0
Decafluorobutane+Hexane,-830.0,0.0,0.0,0.0
Butanone+Benzene,-762.0,0.0,0.0,0.0
Butane+Octane,653.5695229848587,-560184.5294774433,1.9533247386782857,0.0027454867337523177
Diethylamine+Cyclohexane,-990.0,0.0,0.0,0.0
Pentane+Tetradecafluorohexane,1544.809803653205,-835267.9274717877,20.4441148706278,0.023315380895419614
Pentane+Heptane,1131.8849814009782,-787751.9850017506,0.7566790660115809,0.0009219751349987896
Pentane+Octane,1443.559999999999,-966292.9919999996,0.0,0.0
Tetradecafluorohexane+Hexane,1882.2380000000012,-1027370.7597000003,4.547473508864641e-13,4.3635637867916257e-16
Bromobenzene+Benzene,-2166.0,0.0,0.0,0.0
Benzene+Octane,1094.4596992075612,-843760.648306265,5.43353386162327,0.008559321730432336
Benzene+1 7 7-Trimethylbicyclo[2.2.1]-2-heptanone,-825.0,0.0,0.0,0.0
Hexane+Octane,1636.7600000000002,-1132895.232,0.0,0.0
Heptane+Octane,2105.2,-1416119.0399999998,4.547473508864641e-13,3.3359394957596946e-16
