Gas Name,a1,b1,a2,b2,MAE,MRE,AIC
Dichlorodifluoromethane+Chlorodifluoromethane,611.0733342622461,-281637.5553056477,354.3322883555299,-214345.84281007198,9.665216826245898,0.03620789559923233,-267.48606271660816
Tetrachloromethane+Methane,308.6160000000001,-153160.2912,452.75999999999976,-202568.8319999999,2.842170943040401e-14,1.1278456123176193e-16,-32.0
Tetrachloromethane+Ethene,413.744,-237887.2608,411.32799999999975,-229578.0095999999,0.0,0.0,-32.0
Tetrachloromethane+Benzene,1528.3999999999955,-897975.6799999982,915.666482104567,-676224.2417596877,3.1218831547038803,0.0034980086225477273,-12.47695892227126
Tetrachloromethane+Cyclohexane,1174.780875871099,-784519.9002327679,832.3805284047031,-653740.8421055526,2.0804680919354914,0.002547577837703069,34.7170226850988
Tetrafluoromethane+Trifluoromethane,173.94300000000027,-81028.03545000007,143.62236363636362,-71687.03817272726,8.881784197001252e-15,1.0536646928434009e-16,-32.0
Tetrafluoromethane+Methane,97.57002827589858,-43781.31746096056,79.27633313386801,-37248.00535761314,0.7665794963891727,0.05399041620920387,8.162011439603823
Tetrafluoromethane+Ethane,165.30000000000084,-79170.00000000023,-645.7301587301558,180553.65079364987,2.4868995751603507e-14,2.4308769938059893e-16,-32.0
Chlorodifluoromethane+1 2-Dichloro-1 1 2 2-tetrafluoroethane,620.9137904568965,-331700.71173782146,322.72334176470645,-229610.4278362603,7.794030033703602,0.018434872718136843,-278.5319953072334
Chlorodifluoromethane+1-Chloro-1 1-difluoroethane,1030.8835875742868,-449798.9292359576,389.54794509420447,-256668.03797879518,9.070914049576245,0.027285948015027713,-168.87034025476086
Chlorodifluoromethane+1 1-Difluoroethane,1507.742053405716,-579104.8724798845,412.77878155061035,-256102.35991624134,18.431050548460533,0.04713603242827506,-725.1016642645861
Trichloromethane+Dimethyl ether,2516.805181844152,-1147973.2368178247,1429.047045421822,-758160.7402873569,1.8571246875394536,0.002637582527878698,40.04672498182727
Trichloromethane+Propanone,7223.1873101903475,-2912278.8557773475,2226.2492130523674,-1184399.7784101695,82.44836094777598,0.0625981846924829,-27951.4582648876
Trichloromethane+Methyl ethanoate,1541.5333333333328,-1020191.5733333332,949.8399999999997,-806299.0879999999,2.2737367544323206e-13,1.4747014894675703e-16,-32.0
Trichloromethane+Propyl methanoate,4905.418181818162,-2203074.574545448,3293.7733333333344,-1629937.9413333335,0.0,0.0,-32.0
Trichloromethane+Ethyl ethanoate,7545.0666666666675,-3133445.546666667,1327.8666666666672,-997036.5066666668,0.0,0.0,-32.0
Trichloromethane+Diethyl ether,4593.735193099862,-1979686.8201102347,2991.3984993310846,-1424991.283147658,45.03399085691755,0.05782700849986083,-7010.700434150414
Trichloromethane+Benzene,1535.5603856534244,-919902.589246096,1717.8003046438598,-988205.5562654391,46.50755318421276,0.050480208393918834,-5352.815786380805
Trichloromethane+Cyclohexane,1028.851584371014,-662461.8222275111,698.4222048904746,-535022.7375843984,2.6458943771455097,0.003838905292156886,6.6636842883859355
Trichloromethane+Triethylamine,22885.333333333318,-8025042.666666661,3285.2000000000025,-1609569.6000000008,0.0,0.0,-32.0
Dichloromethane+Benzene,1017.741522004389,-655120.7365369407,637.1528350525141,-504109.1324028784,1.680772227219863,0.002603721758913325,7.684071568281605
Dichloromethane+Cyclohexane,622.3862271437501,-441824.7778053945,440.30846441378185,-366942.3695278727,6.909829476134942,0.013573264730007405,-174.1117460074359
Bromomethane+Propane,729.1724137931026,-328466.068965517,324.6250000000001,-218480.62500000006,0.0,0.0,-32.0
Bromomethane+Butane,1476.103448275861,-583429.24137931,617.6250000000002,-345596.62500000006,0.0,0.0,-32.0
Chloromethane+Ethane,229.1939895842219,-140385.90984749366,130.397222643259,-102268.54800244678,0.9282626318596812,0.005754033021036646,24.259979137621528
Chloromethane+Propanone,1298.6200391211974,-636530.7045688388,551.5446313915706,-369775.2063140661,1.8576476476026376,0.004552751350282608,37.992078857276745
Chloromethane+Benzene,466.8193256705372,-356098.51855486206,360.0308330542095,-315811.8532072149,0.5511287152690701,0.001190120433365544,13.857418164140341
Chloromethane+Cyclohexane,424.0938149856614,-284892.73989837617,344.9849938994132,-254970.9656197355,0.45850988857605235,0.0014144428435014721,14.163519097094792
Iodomethane+Diethyl ether,2081.2799999999975,-897718.8959999993,3346.3199999999943,-1344081.0239999979,2.2737367544323206e-13,3.186570822988478e-16,-32.0
Methane+Methanol,864.7450514960549,-279993.4098538842,152.53126699443072,-80844.05173417347,7.403221242349358,0.04122014781689714,-142.6102636010775
Methane+Ethene,135.68284212499978,-60765.462164218516,70.9215970972506,-42487.27392946487,3.766523624298614,0.05422741218362745,-34.952366934317396
Methane+Ethane,150.10681864372802,-71356.26608679589,96.84779945634712,-55935.59204312742,2.1029772268257623,0.0198175408324822,-10.9954410643867
Methane+Propanone,900.2181818552838,-281054.3852373083,402.6230332691424,-158549.9892712195,8.168709798618238,0.04375866749825603,-148.52517163380807
Methane+Propane,165.12400508645675,-87273.66518689468,151.75801560761315,-84662.33288587636,2.374375424093986,0.016936724891917304,-6.8974980586711965
Methane+Butane,163.17892039291075,-99369.09998192267,107.55651730305362,-77457.98928818449,4.046907941614854,0.04677542418563468,-43.40720674245782
Methane+Pentane,500.5538544048465,-214453.9498897617,133.39486641609398,-96648.44445231765,10.504241776377214,0.06089790629291197,-498.1892231173897
Methane+2 2-Dimethylpropane,241.6689699166778,-125920.50749553379,103.1179572754818,-80044.1408407597,13.69061616762524,0.10294265756870563,-649.0998373739517
Methane+Benzene,32.60299784227399,-63280.68033096654,284.3833999509837,-158113.26321488965,3.11126980682193,0.021018409035225675,-14.999181471033056
Methane+Cyclohexane,247.35490036338638,-139020.6576312318,590.8238629868559,-277888.55511260097,3.076320874489994,0.03178313023071493,12.491032517588202
Methane+Hexane,135.34404193390486,-120655.7782503666,287.126037393829,-160284.20014304735,9.875914425140028,0.043917579915817254,-405.42364575465587
Methane+Diisopropyl ether,889.2700000000018,-321173.1005000004,650.5979999999995,-257743.79369999986,5.684341886080802e-14,2.9034738337576937e-16,-32.0
Methane+Heptane,633.2961604168896,-275182.8345299171,287.85112257042533,-172427.1885239789,8.498318544216891,0.031219860920972398,-233.05210536632038
Methane+Octane,467.4788548995768,-237769.15288387195,273.33309865208,-175616.74675971037,1.6987728729349338,0.009547879255214237,38.24666680734346
Methane+2 5 8 11-Tetraoxadodecane,336.9759999999999,-218313.04319999996,409.40799999999945,-242666.26559999975,0.0,0.0,-32.0
Methane+2 2 5-Trimethylhexane,312.904,-165770.5728,204.2000000000001,-129948.24000000002,2.842170943040401e-14,1.8277438880088045e-16,-32.0
Methane+Naphthalene,340.85521018683505,-202031.10550551748,995.0600847954759,-411845.2032891025,12.230801212619124,0.04768000489182083,-428.83036022200815
Methane+(1 1-Dimethylethyl)benzene,402.75999999999976,-202568.8319999999,447.26400000000046,-225884.5248000002,0.0,0.0,-32.0
Methane+Decane,504.8959999999996,-256587.18719999987,567.6160000000006,-279383.4912000002,0.0,0.0,-32.0
Methane+Bicyclohexyl,390.98500000000035,-222968.65275000012,-15.370000000000061,-35731.184499999974,3.552713678800501e-15,3.700743415417188e-17,-32.0
Methane+Diphenylmethane,-7.141428571428662,-97339.37592857139,535.3471428571436,-315233.48635714315,0.0,0.0,-32.0
Methane+Phenanthrene,662.7552848758628,-349856.4969821319,517.5112649634805,-297831.21748350316,10.441334531498525,0.0309297661203525,-312.1839794401766
Methane+Anthracene,315.0676048700032,-218300.7690026383,260.2232769962748,-198197.9360160996,10.772668091922533,0.04410129264954483,-350.87542736765346
Methane+Hexadecane,1286.008,-576970.1856,771.1630528787456,-394135.5151565703,3.936378848501863,0.02602323012661979,nan
Methane+Eicosane,664.8000000000005,-385090.1600000002,626.439999999998,-370701.40799999895,0.0,0.0,-32.0
Methanol+Ethene,-2327.9690726283607,577254.000441342,3032.553672863165,-1129895.8297041713,224.05479483887137,0.6905203995305537,-128527.6315317619
Methanol+Ethane,594.4530297112526,-258743.2698717159,393.012443820362,-197645.6111704151,4.244211595522172,0.016211345239161956,-24.484069007150694
Methanol+Methyl ethanoate,959.8119889629562,-606347.8290438269,498.6221560322814,-406184.8149123842,12.36635680832547,0.024067202854818733,-364.7109142215532
Methanol+Diethyl ether,2166.1057906992555,-1014144.0863300625,1539.6564817979258,-765399.698776447,6.374016399788824,0.02208958244611559,-73.71536975106567
Methanol+Benzene,950.5861378430432,-491255.33183167677,340.5939866122965,-264315.72870992403,32.36798295227037,0.09428844928230753,-6284.927647052148
Methanol+Cyclohexane,333.94720306323484,-227793.4039204462,256.06804310781354,-195323.45435038165,0.45720438035727895,0.002500629397876932,11.042839426158523
Methanol+Hexane,500.2133647240224,-287208.34027085215,162.1189585828977,-131442.38519735966,10.190791988162186,0.07425126503283562,-306.301688137831
Pentafluoroethane+1 1 1 2-Tetrafluoroethane,571.4963333333344,-293580.59011666704,404.2384999999994,-235882.48127499982,1.0658141036401503e-13,3.9590340844968836e-16,-32.0
Pentafluoroethane+1 1 1-Trifluoroethane,145.50599999999963,-141757.32389999987,346.61673389489965,-209437.67205286576,0.19670644203997653,0.0008564369186614259,nan
1 1 1 2-Tetrafluoroethane+Propane,359.3901664145235,-200350.290612708,300.0215000000002,-181293.52272500005,0.23750000000002203,0.0008652601636847703,21.172083333333326
Acetonitrile+Ethanal,33600.05000000002,-13249392.157500004,16326.949999999993,-6984229.892499997,0.0,0.0,-32.0
Acetonitrile+Methyl ethanoate,2687.047991894603,-1356457.6346173633,1419.5955395313458,-846082.2570276575,9.872246814530106,0.015411446937480616,-247.27615493381347
Acetonitrile+Butane,576.7921882824227,-308517.505057586,476.9899949974978,-268523.8667333663,0.0,0.0,-32.0
Ethene+Naphthalene,686.0976863343446,-405459.88099179615,568.6397375781684,-360601.26041300135,8.746392386157758,0.014843857414520933,-183.70694945648924
Ethene+Phenanthrene,1017.5331323564225,-587046.1898090133,920.2965088217171,-544696.9229664414,15.52875610204426,0.022119235072191157,-805.4846244031402
Ethene+Anthracene,768.314339245716,-493350.1249640731,358.9883565644292,-319135.09116737876,5.508240506863737,0.012021555579078498,-44.84452585405003
Oxirane+Diethyl ether,988.3799999999978,-501005.29699999926,29.002499999999714,-173031.42037499987,5.684341886080802e-14,8.214366887400002e-17,-32.0
Methyl methanoate+Propyl methanoate,-1139.0,0.0,1350.3439999999973,-748294.1135999991,3.0000000000002274,0.0026339624677695415,-68.0
Ethane+Propene,226.34059156702295,-140709.08737570787,152.46597286923566,-112580.93859715253,0.710603780012488,0.007142603363951716,nan
Ethane+Propane,281.7535002832703,-165362.07824393915,280.87603065501605,-165342.01881408494,1.9565975470987382,0.007787824020831598,-2.447222816001714
Ethane+Butane,536.980174937117,-267872.3690445024,480.9818798912543,-259892.87405445642,10.266718216538758,0.031029009354759867,-352.99246374066047
Ethane+Pentane,1202.074220126983,-485934.42720209557,334.31719980230923,-227503.32418753146,15.289532306092736,0.03704736165299238,-735.7056785577648
Ethane+Hexane,617.5250001248157,-345844.5014306684,342.9666088325223,-249117.49214386463,3.3772984697984287,0.009282381155077823,0.47311408615371775
Ethane+Naphthalene,1602.1853124239638,-694253.7473336717,578.6211031280006,-375978.0132784218,3.34373038235302,0.005292495028832056,-3.191748952303527
Ethane+Anthracene,843.2392597859665,-544938.5761551246,444.2652650852596,-384003.85426213,5.073818006972128,0.010118031994509922,-25.690544218355868
Ethane+Eicosane,1037.6357142857114,-681163.6382142843,905.485714285715,-630860.9657142861,0.0,0.0,-32.0
Dimethyl ether+1H-Perfluoropropane,3858.3720657276926,-1457384.0170774627,3604.171211370023,-1395202.002181458,53.481481481481495,0.05715767887572671,-7531.6296296296305
Ethanol+Benzene,-130.41261104993924,-138243.68427330334,476.26635444457236,-362642.6171098494,16.187682617071708,0.035368824772298205,-1670.0184926528166
Ethanol+Cyclohexane,487.8512036052521,-333930.80795451056,355.4956668145288,-279469.0286600044,0.6423844810486458,0.0026140226314153863,10.615759306627647
Propene+Propane,380.7759970162357,-227460.0591351702,237.4211843508487,-172211.7548075448,0.5410713697425861,0.0027971787756489964,26.872052145213186
Propene+1-Heptene,1799.2447496672298,-898030.535900833,1029.1823843591949,-631404.9782883776,4.7930264806558665,0.005986534302734734,-70.4413467317818
Propanone+Butane,2205.4081632653083,-849838.2244897967,1749.3333333333344,-723320.0000000003,1.1368683772161603e-13,1.7330310628295127e-16,-32.0
Propanone+Tetradecafluorohexane,431.9999999999993,-397935.99999999977,1170.4000000000008,-623059.2000000003,0.0,0.0,-32.0
Propanone+Benzene,3225.2771187331673,-1416431.7689322382,782.8832422847372,-546382.1558822725,60.788611446921564,0.07965171181575981,-12228.499274660311
Propanone+Cyclohexane,3185.6485611897137,-1373194.321179343,397.95801636834653,-354019.20476924576,25.82051069336856,0.03498480238933145,-4138.18734084891
Propanone+1H-Perfluoroheptane,10450.66666666666,-4112005.333333331,4507.200000000003,-2128785.600000001,0.0,0.0,-32.0
Methyl ethanoate+Diethyl ether,2120.8486046018306,-1005294.1518176225,1529.2869194488055,-812775.2648239229,4.321238893809972,0.0049345762861382455,-25.405380194759985
Methyl ethanoate+Diethylamine,2231.240680274214,-1154012.1892202965,-31.263379235157288,-213196.77352888027,8.363990136444537,0.01387537710912703,-160.6268144778512
Propane+1 4-Dioxane,382.74952526165555,-278746.9801605324,323.05390536775894,-251598.9069089972,0.2262699612674461,0.0007610757638631171,27.86553169608112
Propane+Butane,786.6546945403361,-394500.00518870505,539.1123292640493,-318800.58832595655,2.185636321050083,0.004671134655755864,5.0249641156504605
Propane+Pentane,789.6379999999976,-435489.21969999926,534.0419999999987,-348164.6222999995,5.684341886080802e-14,1.3222314723127274e-16,-32.0
Propane+Hexane,1028.0870198064717,-551886.6953236333,627.1759238624625,-414382.0715350863,2.468028512010733,0.004654756109968813,9.135642081524061
1-Propanol+Heptane,183.99119248185485,-241643.54882148653,425.5811031528642,-372105.92324220034,5.860769907075556,0.019332150034027225,-72.38340393065036
Decafluorobutane+Butane,1022.8475115492931,-508845.58802571235,1011.4034169425901,-517275.3575055166,20.87964788149545,0.033699192171527774,-1403.9209868510302
1 4-Dioxane+Benzene,1048.7015963871174,-707074.4860879455,452.2514234354969,-475706.52709703706,15.614875211286972,0.0219103642668486,-1360.430508898127
1 4-Dioxane+Cyclohexane,646.3497851359575,-498171.66061070346,678.4400559078247,-508720.87973806,2.1133822709430206,0.0037032249967945156,5.4918619439557546
Butane+2-Methylpropane,499.8987361072549,-338571.81236806937,426.8764209559048,-310984.8942956517,0.25624274131296587,0.0007113441527334402,27.794930175165916
Butane+Pentane,1192.1919999999996,-632241.2543999999,783.1599999999996,-493803.31199999986,0.0,0.0,-32.0
Butane+Hexane,1231.2983175910754,-699690.6366085012,763.7141823486779,-527602.5797998316,2.7409696377292505,0.00323844569003192,-8.742676377908522
Diethyl ether+Benzene,-1050.004376820833,83780.35806442762,331.4955646467673,-391126.5488493243,32.074419784913445,0.04454240939792538,-3344.7109067685305
Diethyl ether+Cyclohexane,874.6791254738611,-600533.768796902,604.7772482163488,-488953.47658935504,9.111478245935086,0.014087883956769406,-234.27916756316822
Diethyl ether+Hexane,1645.0579710144925,-905223.9101449274,1192.8769389865606,-750772.6825232692,2.2737367544323206e-13,2.27791976077946e-16,-32.0
3-Pentanone+Benzene,1460.7208609476775,-918800.5270896967,1121.3583104414445,-785953.231566504,1.0881288841296168,0.00126697552020669,18.637971034122526
3-Pentanone+Cyclohexane,1000.3552506560134,-742149.816733098,905.2302167218593,-701365.0280479649,1.850093464046381,0.0021234154664420716,12.682146618693592
Dodecafluoropentane+Pentane,1489.0590163934412,-756836.3711475405,39.323811716187606,-245381.46290244185,12.108355953955742,0.019790478914012706,nan
Pentane+Fluorobenzene,965.4346100570856,-658784.7625557429,1401.3176884476682,-872241.4141158292,6.7923072031373595,0.015662714038058193,-59.796217344060096
Pentane+Benzene,886.9199999999967,-595182.1439999986,845.2511486542742,-579399.4161133197,0.6444594617096755,0.0015939561454761711,nan
Pentane+Hexane,2092.534151519707,-1072741.1520536023,1167.1631353087878,-748045.9318045944,3.459580857046766,0.0035372940186554564,-23.58334326042244
Hexafluorobenzene+Cyclohexane,4230.6728971962475,-1903918.4691588732,1477.5248311481914,-899219.3514501387,0.0,0.0,-32.0
Fluorobenzene+Benzene,1023.1999999999921,-734727.8399999964,1160.06421731415,-804812.3316123979,0.5903130743370639,0.0011696141138100614,nan
Fluorobenzene+4-Fluorotoluene,418.9026259042588,-492125.1315873433,230.06046874378308,-400400.27218137175,1.6289684506519582,0.002632208034627675,41.72176674823355
Fluorobenzene+2-Fluorotoluene,-722.545321195489,49545.40457920319,-413.73349430140195,-90897.61640778881,1.2748455020639378,0.002097929536831336,24.39998237623044
Fluorobenzene+Toluene,1181.463276897532,-879283.4821799219,2705.154230608902,-1588543.4164604496,7.230317903795594,0.010394312377182616,-89.45986736734923
Fluorobenzene+Heptane,2039.5737611374948,-1217606.6938722737,801.6088195394541,-647778.1768912865,2.299346349616956,0.003970582874817192,15.305018231095778
Fluorobenzene+Octane,1230.320583037273,-985384.2244649841,946.3429134456511,-852126.0155538807,0.40077680279517836,0.0004889485151113135,47.322942648316015
Benzene+Cyclohexane,736.4101348527231,-643552.8940526816,1643.8805915672615,-942075.2273901115,22.670193854079937,0.02146352453767544,-1582.705134503263
Benzene+Hexane,1969.469421364524,-1070625.0068505993,775.7356299823109,-633923.1768270349,27.72833325439003,0.03862034101576202,-2550.2130354634623
Benzene+Toluene,1130.479999999991,-818696.7359999958,985.7982764272958,-747199.4863393417,0.6233105709210122,0.0011145289855398976,nan
Benzene+Heptane,1556.040000000009,-1030175.3280000042,881.887507806651,-706013.3417004831,1.4430031226624578,0.0026335131995442896,nan
Cyclohexane+Hexane,2473.208251714733,-1265370.4527439557,1444.1221678831512,-909854.5906269893,8.746662077934994,0.0068897136292861184,-171.7809969117955
4-Fluorotoluene+Toluene,2087.7600000000016,-1226618.8320000006,1199.5902467660471,-876235.8088627817,1.1640987064185082,0.001346187317900456,nan
3-Fluorotoluene+Toluene,2167.867612037704,-1261376.4059860744,2929.363290037672,-1579907.77351648,5.672348287701046,0.0063285635882244055,-39.90833971798135
